1000 34
1000 26
1000 7
1000 63
1000 47
1000 51
1000 40
1000 33
1000 58
1000 37
1000 71
1000 57
1000 50
1000 42
1000 10
1000 24
1000 47
1000 71
1000 33
1000 15
1000 22
1000 36
1000 37
1000 64
1000 11
1000 26
1000 21
1000 17
1000 30
1000 37
1000 30
1000 73
1000 27
1000 21
1000 47
1000 57
1000 11
1000 24
1000 46
1000 43
1000 51
1000 31
1000 45
1000 19
1000 28
1000 59
1000 16
1000 12
1000 45
1000 24
2000 55
2000 70
2000 54
2000 62
2000 74
2000 43
2000 67
2000 57
2000 86
2000 5
2000 32
2000 18
2000 27
2000 50
2000 66
2000 73
2000 73
2000 49
2000 58
2000 51
2000 118
2000 31
2000 58
2000 52
2000 70
2000 16
2000 43
2000 54
2000 63
2000 47
2000 49
2000 41
2000 50
2000 85
2000 51
2000 42
2000 39
2000 72
2000 83
2000 12
2000 16
2000 59
2000 49
2000 37
2000 44
2000 132
2000 10
2000 75
2000 57
2000 67
3000 68
3000 126
3000 111
3000 69
3000 79
3000 87
3000 71
3000 62
3000 141
3000 83
3000 74
3000 86
3000 90
3000 24
3000 98
3000 85
3000 108
3000 101
3000 75
3000 21
3000 80
3000 70
3000 76
3000 123
3000 46
3000 112
3000 78
3000 46
3000 61
3000 116
3000 77
3000 144
3000 14
3000 36
3000 121
3000 74
3000 96
3000 56
3000 104
3000 69
3000 81
3000 54
3000 78
3000 102
3000 18
3000 61
3000 36
3000 28
3000 23
3000 106
4000 114
4000 78
4000 43
4000 92
4000 118
4000 120
4000 72
4000 38
4000 124
4000 156
4000 81
4000 107
4000 28
4000 28
4000 90
4000 65
4000 41
4000 30
4000 69
4000 46
4000 265
4000 87
4000 16
4000 73
4000 40
4000 119
4000 150
4000 45
4000 108
4000 119
4000 156
4000 132
4000 166
4000 45
4000 26
4000 32
4000 96
4000 117
4000 105
4000 71
4000 126
4000 63
4000 84
4000 98
4000 81
4000 18
4000 143
4000 166
4000 27
4000 134
5000 75
5000 48
5000 64
5000 129
5000 179
5000 58
5000 136
5000 96
5000 161
5000 103
5000 131
5000 108
5000 123
5000 47
5000 121
5000 209
5000 40
5000 81
5000 59
5000 134
5000 186
5000 96
5000 61
5000 103
5000 181
5000 25
5000 88
5000 100
5000 54
5000 107
5000 63
5000 56
5000 177
5000 53
5000 52
5000 111
5000 73
5000 67
5000 18
5000 48
5000 89
5000 24
5000 99
5000 87
5000 61
5000 131
5000 59
5000 9
5000 120
5000 67
6000 18
6000 45
6000 79
6000 102
6000 150
6000 94
6000 55
6000 97
6000 117
6000 83
6000 44
6000 146
6000 75
6000 164
6000 83
6000 139
6000 115
6000 95
6000 72
6000 164
6000 123
6000 44
6000 23
6000 91
6000 43
6000 114
6000 132
6000 72
6000 78
6000 11
6000 73
6000 147
6000 95
6000 40
6000 206
6000 89
6000 153
6000 93
6000 46
6000 119
6000 3
6000 80
6000 16
6000 134
6000 134
6000 100
6000 107
6000 62
6000 82
6000 52
7000 124
7000 96
7000 107
7000 19
7000 190
7000 131
7000 90
7000 99
7000 99
7000 136
7000 47
7000 47
7000 186
7000 116
7000 62
7000 107
7000 27
7000 151
7000 100
7000 150
7000 82
7000 115
7000 67
7000 38
7000 174
7000 103
7000 70
7000 187
7000 49
7000 76
7000 102
7000 84
7000 219
7000 84
7000 73
7000 86
7000 56
7000 172
7000 121
7000 173
7000 124
7000 137
7000 84
7000 97
7000 109
7000 171
7000 90
7000 13
7000 158
7000 87
8000 100
8000 25
8000 129
8000 44
8000 126
8000 149
8000 71
8000 176
8000 197
8000 178
8000 15
8000 233
8000 181
8000 88
8000 125
8000 197
8000 174
8000 79
8000 170
8000 71
8000 69
8000 27
8000 128
8000 172
8000 133
8000 54
8000 17
8000 66
8000 137
8000 46
8000 165
8000 138
8000 175
8000 19
8000 31
8000 114
8000 131
8000 25
8000 119
8000 198
8000 124
8000 80
8000 136
8000 102
8000 136
8000 156
8000 172
8000 74
8000 34
8000 135
9000 175
9000 118
9000 10
9000 239
9000 68
9000 83
9000 101
9000 50
9000 74
9000 46
9000 35
9000 147
9000 182
9000 169
9000 105
9000 108
9000 194
9000 41
9000 97
9000 127
9000 36
9000 36
9000 122
9000 129
9000 61
9000 89
9000 64
9000 165
9000 121
9000 68
9000 167
9000 195
9000 141
9000 91
9000 181
9000 137
9000 150
9000 186
9000 153
9000 199
9000 83
9000 62
9000 95
9000 225
9000 39
9000 232
9000 22
9000 180
9000 190
9000 11
10000 127
10000 99
10000 156
10000 206
10000 155
10000 163
10000 207
10000 107
10000 227
10000 40
10000 88
10000 113
10000 92
10000 110
10000 101
10000 108
10000 186
10000 97
10000 181
10000 156
10000 112
10000 132
10000 65
10000 206
10000 193
10000 99
10000 117
10000 67
10000 14
10000 74
10000 66
10000 115
10000 112
10000 197
10000 99
10000 78
10000 231
10000 84
10000 200
10000 173
10000 105
10000 116
10000 298
10000 182
10000 73
10000 238
10000 166
10000 202
10000 126
10000 169
11000 63
11000 239
11000 125
11000 103
11000 128
11000 9
11000 138
11000 67
11000 115
11000 16
11000 108
11000 138
11000 144
11000 289
11000 294
11000 74
11000 141
11000 102
11000 89
11000 91
11000 262
11000 43
11000 103
11000 33
11000 130
11000 187
11000 74
11000 160
11000 272
11000 54
11000 44
11000 85
11000 90
11000 42
11000 30
11000 111
11000 104
11000 111
11000 292
11000 123
11000 102
11000 81
11000 63
11000 104
11000 144
11000 18
11000 120
11000 102
11000 102
11000 53
12000 96
12000 114
12000 170
12000 92
12000 194
12000 43
12000 145
12000 162
12000 137
12000 207
12000 105
12000 204
12000 154
12000 240
12000 147
12000 164
12000 137
12000 89
12000 123
12000 245
12000 234
12000 67
12000 190
12000 176
12000 114
12000 195
12000 35
12000 126
12000 187
12000 118
12000 32
12000 162
12000 238
12000 230
12000 133
12000 345
12000 153
12000 96
12000 86
12000 154
12000 117
12000 180
12000 134
12000 198
12000 265
12000 92
12000 167
12000 154
12000 221
12000 194
13000 91
13000 93
13000 97
13000 46
13000 160
13000 71
13000 90
13000 130
13000 239
13000 199
13000 196
13000 228
13000 125
13000 224
13000 328
13000 86
13000 62
13000 263
13000 89
13000 188
13000 241
13000 235
13000 87
13000 37
13000 251
13000 268
13000 181
13000 214
13000 108
13000 168
13000 176
13000 25
13000 73
13000 285
13000 70
13000 188
13000 51
13000 161
13000 35
13000 175
13000 242
13000 90
13000 273
13000 140
13000 9
13000 134
13000 119
13000 269
13000 94
13000 119
14000 91
14000 132
14000 70
14000 152
14000 124
14000 89
14000 201
14000 70
14000 61
14000 43
14000 246
14000 70
14000 97
14000 101
14000 175
14000 214
14000 113
14000 284
14000 30
14000 134
14000 270
14000 60
14000 22
14000 68
14000 127
14000 101
14000 82
14000 73
14000 110
14000 142
14000 68
14000 90
14000 60
14000 85
14000 176
14000 85
14000 91
14000 188
14000 119
14000 221
14000 37
14000 224
14000 39
14000 117
14000 150
14000 45
14000 103
14000 134
14000 122
14000 180
15000 194
15000 119
15000 148
15000 614
15000 193
15000 103
15000 113
15000 312
15000 189
15000 141
15000 126
15000 263
15000 190
15000 169
15000 85
15000 312
15000 144
15000 180
15000 30
15000 57
15000 134
15000 266
15000 166
15000 151
15000 122
15000 115
15000 171
15000 172
15000 93
15000 77
15000 236
15000 65
15000 202
15000 203
15000 260
15000 193
15000 169
15000 121
15000 203
15000 211
15000 242
15000 279
15000 147
15000 194
15000 292
15000 142
15000 111
15000 187
15000 198
15000 123
16000 51
16000 37
16000 94
16000 106
16000 122
16000 55
16000 270
16000 180
16000 11
16000 181
16000 429
16000 207
16000 182
16000 281
16000 101
16000 99
16000 152
16000 95
16000 241
16000 148
16000 223
16000 295
16000 90
16000 89
16000 22
16000 61
16000 256
16000 280
16000 119
16000 246
16000 105
16000 259
16000 36
16000 90
16000 88
16000 175
16000 161
16000 98
16000 379
16000 139
16000 53
16000 66
16000 51
16000 247
16000 304
16000 131
16000 90
16000 49
16000 214
16000 175
17000 330
17000 293
17000 248
17000 189
17000 238
17000 111
17000 98
17000 404
17000 211
17000 315
17000 120
17000 94
17000 98
17000 183
17000 139
17000 247
17000 123
17000 464
17000 282
17000 422
17000 155
17000 227
17000 174
17000 163
17000 71
17000 179
17000 126
17000 90
17000 136
17000 186
17000 92
17000 117
17000 114
17000 32
17000 52
17000 118
17000 10
17000 156
17000 108
17000 191
17000 441
17000 132
17000 242
17000 132
17000 103
17000 383
17000 244
17000 210
17000 74
17000 104
18000 201
18000 55
18000 163
18000 156
18000 454
18000 119
18000 163
18000 28
18000 149
18000 86
18000 364
18000 173
18000 152
18000 151
18000 123
18000 234
18000 173
18000 246
18000 231
18000 65
18000 98
18000 275
18000 120
18000 198
18000 336
18000 171
18000 220
18000 244
18000 87
18000 151
18000 168
18000 140
18000 491
18000 65
18000 262
18000 261
18000 203
18000 161
18000 270
18000 101
18000 105
18000 203
18000 308
18000 74
18000 188
18000 383
18000 129
18000 13
18000 135
18000 248
19000 67
19000 287
19000 181
19000 135
19000 23
19000 175
19000 44
19000 174
19000 215
19000 78
19000 133
19000 333
19000 220
19000 188
19000 72
19000 175
19000 319
19000 220
19000 28
19000 379
19000 162
19000 225
19000 80
19000 208
19000 195
19000 146
19000 290
19000 28
19000 298
19000 38
19000 163
19000 298
19000 265
19000 160
19000 277
19000 52
19000 252
19000 95
19000 263
19000 328
19000 206
19000 115
19000 75
19000 247
19000 248
19000 168
19000 90
19000 120
19000 222
19000 150
20000 259
20000 229
20000 92
20000 327
20000 119
20000 196
20000 225
20000 166
20000 140
20000 62
20000 134
20000 321
20000 310
20000 287
20000 461
20000 172
20000 100
20000 160
20000 124
20000 107
20000 237
20000 161
20000 29
20000 92
20000 360
20000 192
20000 184
20000 247
20000 253
20000 275
20000 35
20000 160
20000 132
20000 150
20000 207
20000 253
20000 172
20000 24
20000 180
20000 126
20000 159
20000 179
20000 124
20000 219
20000 121
20000 135
20000 259
20000 83
20000 335
20000 154
21000 330
21000 48
21000 111
21000 112
21000 89
21000 228
21000 62
21000 140
21000 242
21000 279
21000 108
21000 79
21000 413
21000 631
21000 149
21000 71
21000 93
21000 119
21000 255
21000 84
21000 302
21000 83
21000 94
21000 280
21000 225
21000 130
21000 48
21000 288
21000 213
21000 96
21000 302
21000 54
21000 197
21000 272
21000 209
21000 112
21000 136
21000 191
21000 186
21000 180
21000 130
21000 299
21000 201
21000 383
21000 358
21000 140
21000 145
21000 58
21000 85
21000 141
22000 161
22000 335
22000 198
22000 353
22000 115
22000 210
22000 248
22000 360
22000 206
22000 352
22000 134
22000 320
22000 19
22000 249
22000 253
22000 54
22000 246
22000 88
22000 317
22000 144
22000 94
22000 215
22000 217
22000 471
22000 351
22000 128
22000 91
22000 256
22000 216
22000 217
22000 225
22000 159
22000 129
22000 111
22000 103
22000 131
22000 235
22000 298
22000 304
22000 93
22000 264
22000 142
22000 70
22000 254
22000 130
22000 162
22000 168
22000 224
22000 119
22000 347
23000 315
23000 41
23000 216
23000 348
23000 218
23000 155
23000 370
23000 291
23000 295
23000 94
23000 202
23000 188
23000 164
23000 158
23000 220
23000 199
23000 281
23000 165
23000 197
23000 115
23000 117
23000 116
23000 45
23000 89
23000 284
23000 247
23000 78
23000 159
23000 139
23000 91
23000 256
23000 157
23000 53
23000 124
23000 280
23000 175
23000 266
23000 205
23000 294
23000 207
23000 325
23000 69
23000 184
23000 56
23000 178
23000 9
23000 135
23000 172
23000 323
23000 357
24000 139
24000 157
24000 240
24000 129
24000 417
24000 124
24000 226
24000 66
24000 169
24000 138
24000 426
24000 96
24000 190
24000 433
24000 122
24000 338
24000 188
24000 140
24000 212
24000 230
24000 454
24000 131
24000 211
24000 181
24000 214
24000 123
24000 126
24000 274
24000 324
24000 159
24000 110
24000 162
24000 256
24000 120
24000 228
24000 164
24000 207
24000 95
24000 85
24000 322
24000 117
24000 238
24000 164
24000 169
24000 173
24000 288
24000 61
24000 305
24000 206
24000 221
25000 47
25000 125
25000 166
25000 67
25000 131
25000 293
25000 138
25000 212
25000 90
25000 149
25000 198
25000 68
25000 139
25000 40
25000 292
25000 111
25000 136
25000 243
25000 130
25000 381
25000 160
25000 223
25000 90
25000 181
25000 193
25000 90
25000 446
25000 320
25000 97
25000 113
25000 25
25000 207
25000 255
25000 12
25000 148
25000 92
25000 275
25000 351
25000 120
25000 213
25000 70
25000 52
25000 79
25000 352
25000 437
25000 47
25000 199
25000 284
25000 43
25000 185
26000 51
26000 155
26000 137
26000 218
26000 192
26000 276
26000 191
26000 112
26000 485
26000 199
26000 149
26000 131
26000 196
26000 166
26000 149
26000 125
26000 68
26000 256
26000 120
26000 225
26000 183
26000 289
26000 152
26000 304
26000 82
26000 281
26000 153
26000 353
26000 195
26000 167
26000 262
26000 51
26000 194
26000 207
26000 171
26000 237
26000 143
26000 120
26000 270
26000 189
26000 276
26000 170
26000 198
26000 272
26000 298
26000 192
26000 435
26000 134
26000 172
26000 205
27000 254
27000 290
27000 295
27000 232
27000 159
27000 62
27000 271
27000 356
27000 362
27000 437
27000 128
27000 105
27000 32
27000 155
27000 312
27000 178
27000 295
27000 269
27000 166
27000 140
27000 201
27000 125
27000 110
27000 206
27000 22
27000 121
27000 58
27000 133
27000 366
27000 309
27000 164
27000 206
27000 310
27000 187
27000 127
27000 133
27000 117
27000 200
27000 165
27000 318
27000 276
27000 74
27000 207
27000 145
27000 253
27000 166
27000 97
27000 163
27000 205
27000 186
28000 43
28000 182
28000 340
28000 149
28000 66
28000 104
28000 137
28000 29
28000 283
28000 226
28000 315
28000 60
28000 249
28000 50
28000 351
28000 245
28000 176
28000 51
28000 215
28000 342
28000 380
28000 371
28000 127
28000 262
28000 402
28000 67
28000 326
28000 199
28000 173
28000 268
28000 153
28000 70
28000 282
28000 236
28000 174
28000 328
28000 249
28000 242
28000 237
28000 97
28000 115
28000 300
28000 109
28000 196
28000 282
28000 380
28000 257
28000 175
28000 95
28000 44
29000 255
29000 82
29000 133
29000 134
29000 154
29000 146
29000 226
29000 237
29000 273
29000 141
29000 306
29000 322
29000 246
29000 82
29000 140
29000 95
29000 324
29000 104
29000 344
29000 338
29000 573
29000 195
29000 190
29000 245
29000 409
29000 198
29000 332
29000 174
29000 91
29000 99
29000 169
29000 122
29000 90
29000 488
29000 267
29000 312
29000 141
29000 414
29000 137
29000 383
29000 193
29000 113
29000 434
29000 172
29000 122
29000 226
29000 233
29000 120
29000 245
29000 225
30000 475
30000 330
30000 223
30000 188
30000 214
30000 232
30000 460
30000 284
30000 231
30000 216
30000 424
30000 171
30000 145
30000 92
30000 329
30000 98
30000 181
30000 138
30000 324
30000 152
30000 149
30000 179
30000 399
30000 496
30000 230
30000 334
30000 149
30000 108
30000 238
30000 153
30000 115
30000 305
30000 93
30000 142
30000 118
30000 205
30000 143
30000 447
30000 156
30000 219
30000 226
30000 693
30000 240
30000 194
30000 148
30000 66
30000 109
30000 152
30000 268
30000 297
31000 235
31000 151
31000 267
31000 484
31000 265
31000 245
31000 181
31000 173
31000 271
31000 46
31000 227
31000 108
31000 166
31000 28
31000 94
31000 264
31000 339
31000 208
31000 71
31000 306
31000 274
31000 392
31000 115
31000 157
31000 352
31000 140
31000 178
31000 294
31000 22
31000 239
31000 135
31000 106
31000 200
31000 111
31000 550
31000 356
31000 207
31000 313
31000 115
31000 139
31000 278
31000 162
31000 233
31000 73
31000 219
31000 226
31000 144
31000 141
31000 366
31000 116
32000 378
32000 176
32000 125
32000 85
32000 87
32000 268
32000 16
32000 413
32000 95
32000 474
32000 433
32000 44
32000 231
32000 288
32000 162
32000 367
32000 301
32000 263
32000 344
32000 321
32000 165
32000 64
32000 202
32000 230
32000 4
32000 117
32000 295
32000 237
32000 167
32000 452
32000 299
32000 211
32000 513
32000 178
32000 366
32000 76
32000 150
32000 263
32000 161
32000 76
32000 86
32000 384
32000 120
32000 193
32000 122
32000 355
32000 78
32000 341
32000 189
32000 303
33000 238
33000 334
33000 332
33000 189
33000 374
33000 165
33000 264
33000 138
33000 427
33000 376
33000 43
33000 268
33000 256
33000 184
33000 110
33000 268
33000 315
33000 116
33000 155
33000 174
33000 414
33000 135
33000 118
33000 148
33000 214
33000 257
33000 218
33000 268
33000 74
33000 462
33000 332
33000 171
33000 281
33000 45
33000 79
33000 56
33000 158
33000 271
33000 215
33000 194
33000 83
33000 519
33000 121
33000 356
33000 440
33000 133
33000 241
33000 139
33000 122
33000 275
34000 216
34000 176
34000 49
34000 221
34000 297
34000 389
34000 216
34000 117
34000 479
34000 428
34000 353
34000 145
34000 188
34000 234
34000 404
34000 75
34000 65
34000 404
34000 134
34000 96
34000 279
34000 282
34000 139
34000 68
34000 513
34000 97
34000 20
34000 382
34000 264
34000 176
34000 415
34000 64
34000 147
34000 179
34000 252
34000 130
34000 120
34000 487
34000 142
34000 296
34000 251
34000 88
34000 164
34000 128
34000 260
34000 68
34000 38
34000 39
34000 314
34000 413
35000 164
35000 298
35000 288
35000 211
35000 158
35000 128
35000 98
35000 314
35000 162
35000 385
35000 162
35000 108
35000 60
35000 382
35000 318
35000 179
35000 82
35000 129
35000 416
35000 306
35000 290
35000 181
35000 110
35000 294
35000 267
35000 97
35000 222
35000 212
35000 194
35000 170
35000 79
35000 238
35000 354
35000 283
35000 112
35000 46
35000 126
35000 324
35000 352
35000 122
35000 278
35000 275
35000 353
35000 169
35000 112
35000 230
35000 270
35000 395
35000 371
35000 278
36000 287
36000 63
36000 191
36000 219
36000 292
36000 267
36000 200
36000 84
36000 430
36000 195
36000 90
36000 264
36000 145
36000 325
36000 199
36000 198
36000 240
36000 256
36000 346
36000 252
36000 292
36000 86
36000 474
36000 197
36000 494
36000 208
36000 298
36000 119
36000 70
36000 361
36000 280
36000 305
36000 244
36000 357
36000 143
36000 213
36000 38
36000 262
36000 187
36000 290
36000 306
36000 413
36000 278
36000 105
36000 257
36000 170
36000 231
36000 375
36000 106
36000 260
37000 76
37000 369
37000 124
37000 470
37000 227
37000 177
37000 466
37000 44
37000 281
37000 304
37000 223
37000 257
37000 388
37000 593
37000 275
37000 270
37000 175
37000 374
37000 374
37000 246
37000 152
37000 43
37000 291
37000 54
37000 461
37000 168
37000 243
37000 104
37000 201
37000 234
37000 453
37000 185
37000 115
37000 37
37000 88
37000 157
37000 264
37000 50
37000 230
37000 358
37000 371
37000 103
37000 462
37000 232
37000 437
37000 163
37000 249
37000 393
37000 418
37000 296
38000 229
38000 416
38000 475
38000 216
38000 351
38000 311
38000 146
38000 130
38000 353
38000 381
38000 197
38000 159
38000 506
38000 177
38000 212
38000 271
38000 164
38000 320
38000 165
38000 273
38000 190
38000 573
38000 365
38000 250
38000 92
38000 84
38000 609
38000 416
38000 488
38000 267
38000 360
38000 285
38000 120
38000 287
38000 107
38000 156
38000 389
38000 267
38000 260
38000 306
38000 186
38000 265
38000 174
38000 358
38000 42
38000 189
38000 212
38000 280
38000 150
38000 247
39000 187
39000 211
39000 183
39000 198
39000 253
39000 251
39000 493
39000 124
39000 258
39000 279
39000 483
39000 564
39000 141
39000 89
39000 219
39000 390
39000 469
39000 286
39000 43
39000 339
39000 206
39000 374
39000 330
39000 368
39000 113
39000 180
39000 265
39000 323
39000 199
39000 286
39000 549
39000 134
39000 696
39000 238
39000 381
39000 259
39000 159
39000 207
39000 181
39000 724
39000 223
39000 249
39000 158
39000 241
39000 373
39000 307
39000 257
39000 208
39000 249
39000 300
40000 668
40000 189
40000 302
40000 371
40000 264
40000 90
40000 177
40000 440
40000 97
40000 185
40000 87
40000 295
40000 243
40000 211
40000 239
40000 250
40000 179
40000 166
40000 261
40000 417
40000 248
40000 102
40000 180
40000 603
40000 318
40000 465
40000 279
40000 320
40000 210
40000 133
40000 8
40000 117
40000 62
40000 65
40000 261
40000 462
40000 350
40000 361
40000 497
40000 219
40000 189
40000 328
40000 500
40000 361
40000 196
40000 350
40000 148
40000 199
40000 319
40000 181
41000 111
41000 93
41000 398
41000 198
41000 156
41000 435
41000 28
41000 326
41000 294
41000 264
41000 34
41000 134
41000 471
41000 360
41000 474
41000 50
41000 208
41000 192
41000 88
41000 258
41000 234
41000 236
41000 268
41000 117
41000 234
41000 309
41000 241
41000 392
41000 143
41000 311
41000 166
41000 335
41000 251
41000 258
41000 109
41000 99
41000 79
41000 160
41000 209
41000 225
41000 283
41000 354
41000 239
41000 179
41000 619
41000 257
41000 396
41000 233
41000 160
41000 319
42000 397
42000 323
42000 148
42000 210
42000 355
42000 386
42000 74
42000 600
42000 245
42000 526
42000 106
42000 478
42000 101
42000 260
42000 151
42000 297
42000 214
42000 112
42000 270
42000 229
42000 109
42000 281
42000 360
42000 18
42000 227
42000 477
42000 262
42000 197
42000 227
42000 333
42000 131
42000 173
42000 294
42000 190
42000 153
42000 194
42000 174
42000 417
42000 219
42000 55
42000 107
42000 239
42000 74
42000 91
42000 100
42000 174
42000 166
42000 391
42000 241
42000 273
43000 501
43000 338
43000 409
43000 117
43000 96
43000 403
43000 115
43000 86
43000 203
43000 113
43000 331
43000 398
43000 203
43000 103
43000 177
43000 361
43000 163
43000 177
43000 280
43000 360
43000 181
43000 71
43000 409
43000 148
43000 154
43000 207
43000 23
43000 174
43000 184
43000 117
43000 136
43000 226
43000 435
43000 129
43000 223
43000 432
43000 61
43000 354
43000 52
43000 741
43000 95
43000 380
43000 159
43000 301
43000 270
43000 588
43000 280
43000 177
43000 196
43000 201
44000 135
44000 222
44000 356
44000 267
44000 330
44000 210
44000 151
44000 310
44000 324
44000 94
44000 408
44000 459
44000 424
44000 254
44000 213
44000 321
44000 213
44000 190
44000 33
44000 216
44000 109
44000 196
44000 173
44000 162
44000 129
44000 445
44000 310
44000 175
44000 398
44000 418
44000 250
44000 97
44000 55
44000 180
44000 364
44000 101
44000 256
44000 213
44000 189
44000 89
44000 213
44000 246
44000 94
44000 401
44000 88
44000 234
44000 255
44000 194
44000 309
44000 555
45000 267
45000 202
45000 466
45000 308
45000 317
45000 122
45000 311
45000 124
45000 252
45000 371
45000 203
45000 268
45000 715
45000 345
45000 505
45000 46
45000 151
45000 311
45000 204
45000 339
45000 204
45000 302
45000 96
45000 419
45000 305
45000 103
45000 368
45000 85
45000 285
45000 268
45000 137
45000 393
45000 424
45000 157
45000 153
45000 131
45000 87
45000 365
45000 135
45000 568
45000 483
45000 165
45000 443
45000 37
45000 116
45000 132
45000 287
45000 264
45000 138
45000 198
46000 351
46000 283
46000 484
46000 242
46000 421
46000 268
46000 293
46000 240
46000 384
46000 217
46000 560
46000 314
46000 288
46000 259
46000 64
46000 380
46000 279
46000 252
46000 322
46000 198
46000 288
46000 430
46000 212
46000 45
46000 129
46000 272
46000 346
46000 217
46000 400
46000 522
46000 149
46000 361
46000 689
46000 168
46000 398
46000 121
46000 50
46000 185
46000 57
46000 489
46000 129
46000 275
46000 237
46000 191
46000 350
46000 136
46000 147
46000 653
46000 241
46000 144
47000 152
47000 182
47000 95
47000 317
47000 211
47000 195
47000 111
47000 19
47000 239
47000 246
47000 377
47000 319
47000 166
47000 232
47000 216
47000 82
47000 208
47000 423
47000 112
47000 176
47000 205
47000 410
47000 494
47000 170
47000 300
47000 315
47000 116
47000 349
47000 227
47000 207
47000 476
47000 141
47000 224
47000 193
47000 159
47000 219
47000 205
47000 96
47000 238
47000 315
47000 338
47000 148
47000 204
47000 247
47000 274
47000 134
47000 219
47000 192
47000 263
47000 201
48000 214
48000 211
48000 341
48000 143
48000 519
48000 357
48000 256
48000 256
48000 321
48000 170
48000 533
48000 406
48000 130
48000 83
48000 203
48000 554
48000 94
48000 197
48000 382
48000 211
48000 258
48000 213
48000 201
48000 219
48000 325
48000 387
48000 105
48000 467
48000 87
48000 135
48000 366
48000 350
48000 490
48000 137
48000 151
48000 189
48000 179
48000 671
48000 101
48000 148
48000 40
48000 30
48000 228
48000 401
48000 210
48000 274
48000 166
48000 269
48000 596
48000 633
49000 98
49000 611
49000 230
49000 429
49000 127
49000 330
49000 145
49000 189
49000 323
49000 366
49000 366
49000 93
49000 190
49000 506
49000 421
49000 47
49000 398
49000 91
49000 223
49000 26
49000 317
49000 287
49000 197
49000 203
49000 341
49000 327
49000 389
49000 202
49000 493
49000 254
49000 458
49000 48
49000 467
49000 251
49000 66
49000 590
49000 372
49000 201
49000 676
49000 76
49000 77
49000 48
49000 133
49000 109
49000 298
49000 298
49000 199
49000 277
49000 85
49000 277
50000 416
50000 127
50000 248
50000 21
50000 506
50000 370
50000 178
50000 144
50000 270
50000 227
50000 100
50000 217
50000 290
50000 260
50000 89
50000 258
50000 488
50000 353
50000 264
50000 203
50000 267
50000 214
50000 352
50000 75
50000 328
50000 377
50000 605
50000 82
50000 29
50000 372
50000 65
50000 492
50000 166
50000 74
50000 254
50000 371
50000 374
50000 72
50000 306
50000 276
50000 514
50000 284
50000 106
50000 99
50000 202
50000 302
50000 476
50000 245
50000 440
50000 236
51000 446
51000 429
51000 169
51000 219
51000 227
51000 203
51000 354
51000 471
51000 190
51000 191
51000 320
51000 524
51000 632
51000 215
51000 195
51000 143
51000 99
51000 490
51000 31
51000 307
51000 158
51000 474
51000 366
51000 179
51000 342
51000 436
51000 305
51000 700
51000 369
51000 444
51000 262
51000 758
51000 310
51000 225
51000 178
51000 200
51000 225
51000 52
51000 285
51000 357
51000 347
51000 452
51000 294
51000 342
51000 132
51000 63
51000 233
51000 261
51000 354
51000 195
52000 296
52000 136
52000 327
52000 385
52000 91
52000 159
52000 240
52000 482
52000 452
52000 54
52000 302
52000 407
52000 317
52000 238
52000 321
52000 457
52000 434
52000 679
52000 162
52000 521
52000 200
52000 237
52000 155
52000 421
52000 108
52000 87
52000 314
52000 346
52000 168
52000 195
52000 254
52000 456
52000 285
52000 132
52000 92
52000 287
52000 452
52000 328
52000 137
52000 634
52000 262
52000 179
52000 236
52000 327
52000 181
52000 198
52000 361
52000 66
52000 558
52000 244
53000 82
53000 266
53000 348
53000 118
53000 312
53000 453
53000 113
53000 497
53000 379
53000 390
53000 335
53000 175
53000 481
53000 136
53000 315
53000 86
53000 316
53000 170
53000 246
53000 37
53000 92
53000 344
53000 400
53000 172
53000 352
53000 467
53000 423
53000 558
53000 111
53000 346
53000 444
53000 255
53000 182
53000 226
53000 92
53000 337
53000 489
53000 371
53000 330
53000 346
53000 200
53000 154
53000 138
53000 253
53000 552
53000 76
53000 100
53000 302
53000 227
53000 460
54000 170
54000 261
54000 586
54000 203
54000 580
54000 242
54000 498
54000 60
54000 376
54000 300
54000 395
54000 58
54000 199
54000 226
54000 659
54000 142
54000 327
54000 291
54000 495
54000 236
54000 435
54000 83
54000 172
54000 530
54000 573
54000 365
54000 76
54000 458
54000 136
54000 340
54000 89
54000 50
54000 415
54000 257
54000 457
54000 182
54000 336
54000 621
54000 408
54000 434
54000 403
54000 792
54000 256
54000 470
54000 357
54000 455
54000 310
54000 117
54000 180
54000 288
55000 481
55000 394
55000 229
55000 190
55000 52
55000 202
55000 239
55000 272
55000 586
55000 161
55000 357
55000 360
55000 539
55000 321
55000 375
55000 89
55000 217
55000 148
55000 36
55000 170
55000 394
55000 172
55000 174
55000 196
55000 164
55000 268
55000 169
55000 213
55000 489
55000 376
55000 385
55000 389
55000 459
55000 272
55000 157
55000 488
55000 348
55000 136
55000 700
55000 448
55000 427
55000 502
55000 222
55000 334
55000 230
55000 249
55000 399
55000 266
55000 246
55000 287
56000 420
56000 329
56000 470
56000 607
56000 91
56000 93
56000 220
56000 489
56000 129
56000 370
56000 191
56000 428
56000 254
56000 359
56000 174
56000 755
56000 270
56000 403
56000 307
56000 362
56000 36
56000 80
56000 72
56000 700
56000 470
56000 62
56000 201
56000 323
56000 297
56000 214
56000 222
56000 43
56000 73
56000 369
56000 511
56000 156
56000 155
56000 177
56000 400
56000 405
56000 671
56000 420
56000 100
56000 488
56000 367
56000 407
56000 309
56000 336
56000 456
56000 143
57000 346
57000 324
57000 128
57000 119
57000 191
57000 524
57000 317
57000 248
57000 452
57000 130
57000 520
57000 570
57000 489
57000 710
57000 49
57000 452
57000 126
57000 416
57000 369
57000 428
57000 282
57000 262
57000 108
57000 451
57000 348
57000 528
57000 356
57000 373
57000 187
57000 174
57000 104
57000 353
57000 242
57000 239
57000 164
57000 95
57000 228
57000 175
57000 167
57000 146
57000 254
57000 478
57000 161
57000 308
57000 435
57000 66
57000 194
57000 251
57000 353
57000 223
58000 458
58000 141
58000 335
58000 103
58000 340
58000 296
58000 359
58000 395
58000 280
58000 197
58000 713
58000 408
58000 656
58000 350
58000 112
58000 262
58000 318
58000 479
58000 662
58000 565
58000 199
58000 208
58000 251
58000 223
58000 176
58000 316
58000 196
58000 73
58000 229
58000 168
58000 120
58000 317
58000 225
58000 179
58000 89
58000 453
58000 286
58000 236
58000 170
58000 245
58000 368
58000 195
58000 401
58000 156
58000 369
58000 442
58000 601
58000 270
58000 240
58000 586
59000 371
59000 493
59000 54
59000 287
59000 339
59000 269
59000 187
59000 344
59000 422
59000 147
59000 307
59000 35
59000 81
59000 143
59000 359
59000 272
59000 136
59000 182
59000 171
59000 198
59000 269
59000 251
59000 189
59000 174
59000 230
59000 386
59000 123
59000 458
59000 728
59000 239
59000 621
59000 486
59000 499
59000 199
59000 574
59000 317
59000 313
59000 135
59000 324
59000 128
59000 438
59000 254
59000 138
59000 551
59000 64
59000 392
59000 213
59000 71
59000 130
59000 579
60000 291
60000 495
60000 497
60000 172
60000 354
60000 155
60000 494
60000 370
60000 114
60000 361
60000 354
60000 173
60000 383
60000 217
60000 75
60000 200
60000 292
60000 218
60000 430
60000 608
60000 289
60000 324
60000 469
60000 124
60000 267
60000 349
60000 460
60000 310
60000 95
60000 331
60000 173
60000 314
60000 159
60000 238
60000 169
60000 469
60000 291
60000 557
60000 205
60000 258
60000 285
60000 427
60000 106
60000 168
60000 404
60000 297
60000 487
60000 219
60000 570
60000 348
61000 398
61000 477
61000 65
61000 340
61000 290
61000 90
61000 479
61000 427
61000 464
61000 202
61000 149
61000 460
61000 295
61000 637
61000 201
61000 282
61000 437
61000 545
61000 118
61000 451
61000 515
61000 152
61000 219
61000 287
61000 71
61000 225
61000 247
61000 121
61000 317
61000 246
61000 257
61000 236
61000 42
61000 557
61000 198
61000 323
61000 178
61000 410
61000 198
61000 404
61000 282
61000 466
61000 544
61000 111
61000 248
61000 151
61000 110
61000 312
61000 225
61000 156
62000 572
62000 618
62000 300
62000 38
62000 5
62000 197
62000 418
62000 315
62000 482
62000 131
62000 190
62000 205
62000 394
62000 294
62000 135
62000 162
62000 530
62000 473
62000 121
62000 393
62000 210
62000 101
62000 506
62000 177
62000 406
62000 288
62000 510
62000 517
62000 545
62000 265
62000 411
62000 93
62000 681
62000 378
62000 102
62000 280
62000 273
62000 221
62000 440
62000 234
62000 165
62000 418
62000 724
62000 310
62000 247
62000 541
62000 212
62000 274
62000 608
62000 339
63000 202
63000 195
63000 321
63000 522
63000 340
63000 64
63000 309
63000 226
63000 212
63000 347
63000 372
63000 252
63000 650
63000 266
63000 134
63000 229
63000 183
63000 360
63000 128
63000 311
63000 240
63000 160
63000 426
63000 637
63000 263
63000 486
63000 533
63000 107
63000 612
63000 276
63000 408
63000 390
63000 388
63000 608
63000 346
63000 334
63000 47
63000 115
63000 405
63000 225
63000 703
63000 365
63000 200
63000 260
63000 550
63000 270
63000 464
63000 417
63000 370
63000 516
64000 255
64000 880
64000 155
64000 489
64000 332
64000 484
64000 99
64000 332
64000 479
64000 99
64000 386
64000 375
64000 496
64000 188
64000 307
64000 466
64000 243
64000 199
64000 122
64000 587
64000 244
64000 111
64000 258
64000 402
64000 188
64000 423
64000 47
64000 275
64000 317
64000 294
64000 150
64000 194
64000 586
64000 308
64000 352
64000 266
64000 367
64000 680
64000 146
64000 278
64000 331
64000 185
64000 340
64000 162
64000 242
64000 28
64000 126
64000 305
64000 450
64000 437
65000 348
65000 51
65000 334
65000 282
65000 518
65000 232
65000 178
65000 405
65000 519
65000 296
65000 225
65000 181
65000 445
65000 182
65000 226
65000 222
65000 138
65000 189
65000 360
65000 306
65000 157
65000 66
65000 283
65000 367
65000 154
65000 510
65000 677
65000 275
65000 406
65000 475
65000 573
65000 476
65000 428
65000 336
65000 504
65000 286
65000 322
65000 231
65000 426
65000 293
65000 439
65000 119
65000 159
65000 135
65000 526
65000 61
65000 105
65000 198
65000 139
65000 81
66000 360
66000 396
66000 317
66000 194
66000 307
66000 459
66000 242
66000 183
66000 360
66000 410
66000 263
66000 192
66000 479
66000 342
66000 217
66000 285
66000 93
66000 153
66000 414
66000 198
66000 250
66000 558
66000 349
66000 198
66000 444
66000 670
66000 334
66000 604
66000 92
66000 366
66000 314
66000 389
66000 194
66000 156
66000 271
66000 89
66000 288
66000 498
66000 199
66000 240
66000 542
66000 373
66000 87
66000 269
66000 579
66000 319
66000 418
66000 342
66000 226
66000 440
67000 192
67000 130
67000 233
67000 383
67000 137
67000 189
67000 565
67000 355
67000 168
67000 270
67000 38
67000 674
67000 416
67000 160
67000 599
67000 612
67000 73
67000 275
67000 434
67000 111
67000 218
67000 208
67000 125
67000 205
67000 269
67000 414
67000 237
67000 18
67000 152
67000 46
67000 485
67000 245
67000 135
67000 176
67000 212
67000 347
67000 198
67000 272
67000 159
67000 246
67000 155
67000 342
67000 226
67000 546
67000 133
67000 124
67000 490
67000 117
67000 284
67000 344
68000 256
68000 121
68000 72
68000 149
68000 458
68000 309
68000 275
68000 632
68000 718
68000 355
68000 431
68000 243
68000 76
68000 135
68000 270
68000 550
68000 485
68000 266
68000 109
68000 137
68000 378
68000 425
68000 671
68000 133
68000 505
68000 125
68000 261
68000 417
68000 155
68000 632
68000 397
68000 242
68000 569
68000 160
68000 694
68000 102
68000 549
68000 688
68000 344
68000 329
68000 230
68000 195
68000 123
68000 270
68000 332
68000 471
68000 524
68000 309
68000 536
68000 236
69000 37
69000 467
69000 615
69000 505
69000 317
69000 165
69000 590
69000 407
69000 395
69000 394
69000 84
69000 58
69000 192
69000 329
69000 253
69000 148
69000 182
69000 299
69000 262
69000 232
69000 233
69000 359
69000 518
69000 279
69000 345
69000 277
69000 276
69000 224
69000 220
69000 368
69000 330
69000 311
69000 241
69000 264
69000 199
69000 501
69000 240
69000 119
69000 504
69000 311
69000 415
69000 361
69000 269
69000 181
69000 53
69000 199
69000 677
69000 139
69000 359
69000 338
70000 518
70000 426
70000 466
70000 195
70000 265
70000 591
70000 238
70000 245
70000 410
70000 562
70000 507
70000 235
70000 45
70000 755
70000 615
70000 362
70000 420
70000 250
70000 176
70000 379
70000 820
70000 430
70000 250
70000 463
70000 377
70000 439
70000 679
70000 769
70000 202
70000 96
70000 425
70000 271
70000 179
70000 754
70000 181
70000 545
70000 319
70000 1109
70000 193
70000 598
70000 426
70000 107
70000 174
70000 229
70000 320
70000 371
70000 419
70000 490
70000 608
70000 111
71000 479
71000 459
71000 104
71000 386
71000 126
71000 367
71000 632
71000 652
71000 209
71000 357
71000 217
71000 211
71000 44
71000 293
71000 525
71000 127
71000 156
71000 384
71000 244
71000 519
71000 171
71000 175
71000 707
71000 312
71000 226
71000 221
71000 625
71000 259
71000 542
71000 269
71000 96
71000 179
71000 108
71000 309
71000 486
71000 403
71000 310
71000 249
71000 541
71000 278
71000 379
71000 371
71000 258
71000 423
71000 286
71000 204
71000 610
71000 278
71000 338
71000 289
72000 277
72000 539
72000 583
72000 396
72000 594
72000 391
72000 432
72000 352
72000 171
72000 93
72000 565
72000 625
72000 418
72000 268
72000 454
72000 226
72000 313
72000 470
72000 136
72000 464
72000 596
72000 327
72000 367
72000 248
72000 209
72000 275
72000 337
72000 301
72000 326
72000 169
72000 177
72000 145
72000 441
72000 148
72000 356
72000 488
72000 316
72000 436
72000 537
72000 145
72000 258
72000 201
72000 260
72000 399
72000 283
72000 572
72000 722
72000 616
72000 47
72000 179
73000 434
73000 114
73000 147
73000 300
73000 348
73000 379
73000 530
73000 159
73000 469
73000 167
73000 414
73000 170
73000 323
73000 534
73000 368
73000 400
73000 307
73000 486
73000 408
73000 496
73000 783
73000 237
73000 366
73000 322
73000 453
73000 347
73000 595
73000 362
73000 323
73000 393
73000 314
73000 596
73000 23
73000 195
73000 250
73000 339
73000 527
73000 225
73000 280
73000 402
73000 231
73000 116
73000 302
73000 375
73000 427
73000 576
73000 167
73000 276
73000 111
73000 33
74000 172
74000 161
74000 488
74000 142
74000 217
74000 93
74000 442
74000 255
74000 285
74000 94
74000 371
74000 151
74000 404
74000 85
74000 373
74000 280
74000 297
74000 140
74000 277
74000 444
74000 83
74000 111
74000 578
74000 564
74000 488
74000 333
74000 307
74000 476
74000 320
74000 491
74000 295
74000 137
74000 232
74000 412
74000 233
74000 216
74000 666
74000 481
74000 329
74000 528
74000 685
74000 148
74000 431
74000 131
74000 180
74000 182
74000 258
74000 274
74000 343
74000 342
75000 119
75000 316
75000 387
75000 422
75000 502
75000 330
75000 207
75000 194
75000 333
75000 341
75000 355
75000 299
75000 377
75000 397
75000 380
75000 352
75000 452
75000 304
75000 83
75000 334
75000 114
75000 761
75000 403
75000 510
75000 624
75000 254
75000 363
75000 388
75000 82
75000 304
75000 502
75000 385
75000 164
75000 467
75000 306
75000 169
75000 533
75000 716
75000 859
75000 333
75000 160
75000 220
75000 214
75000 155
75000 238
75000 613
75000 161
75000 666
75000 146
75000 29
76000 631
76000 418
76000 341
76000 350
76000 230
76000 311
76000 466
76000 77
76000 75
76000 168
76000 347
76000 365
76000 372
76000 379
76000 464
76000 537
76000 106
76000 227
76000 789
76000 761
76000 186
76000 313
76000 220
76000 234
76000 403
76000 193
76000 128
76000 384
76000 519
76000 79
76000 144
76000 258
76000 173
76000 130
76000 389
76000 247
76000 307
76000 562
76000 295
76000 48
76000 164
76000 334
76000 218
76000 497
76000 393
76000 286
76000 169
76000 476
76000 161
76000 750
77000 263
77000 296
77000 459
77000 282
77000 518
77000 207
77000 128
77000 364
77000 315
77000 244
77000 572
77000 378
77000 261
77000 493
77000 767
77000 78
77000 208
77000 336
77000 483
77000 205
77000 273
77000 298
77000 522
77000 249
77000 189
77000 361
77000 438
77000 126
77000 196
77000 108
77000 506
77000 550
77000 447
77000 452
77000 387
77000 43
77000 313
77000 358
77000 891
77000 697
77000 281
77000 579
77000 897
77000 170
77000 83
77000 538
77000 300
77000 312
77000 313
77000 406
78000 546
78000 321
78000 232
78000 436
78000 329
78000 220
78000 247
78000 622
78000 228
78000 519
78000 478
78000 219
78000 363
78000 462
78000 204
78000 428
78000 482
78000 504
78000 251
78000 375
78000 278
78000 148
78000 188
78000 542
78000 397
78000 112
78000 45
78000 216
78000 235
78000 273
78000 452
78000 371
78000 133
78000 397
78000 350
78000 180
78000 247
78000 743
78000 172
78000 212
78000 317
78000 287
78000 784
78000 300
78000 593
78000 729
78000 207
78000 297
78000 386
78000 700
79000 445
79000 400
79000 221
79000 408
79000 231
79000 270
79000 361
79000 401
79000 237
79000 359
79000 538
79000 276
79000 108
79000 482
79000 277
79000 236
79000 217
79000 284
79000 371
79000 656
79000 293
79000 629
79000 199
79000 201
79000 243
79000 66
79000 340
79000 242
79000 283
79000 456
79000 138
79000 410
79000 471
79000 228
79000 499
79000 294
79000 184
79000 324
79000 132
79000 46
79000 292
79000 465
79000 435
79000 402
79000 366
79000 139
79000 43
79000 292
79000 114
79000 131
80000 301
80000 287
80000 274
80000 282
80000 490
80000 703
80000 253
80000 792
80000 93
80000 714
80000 198
80000 616
80000 395
80000 169
80000 109
80000 26
80000 32
80000 67
80000 28
80000 591
80000 465
80000 152
80000 193
80000 226
80000 137
80000 123
80000 140
80000 245
80000 364
80000 83
80000 886
80000 369
80000 450
80000 205
80000 211
80000 412
80000 730
80000 562
80000 770
80000 187
80000 112
80000 425
80000 319
80000 525
80000 92
80000 472
80000 309
80000 207
80000 174
80000 654
81000 291
81000 674
81000 358
81000 520
81000 555
81000 542
81000 490
81000 265
81000 284
81000 321
81000 310
81000 654
81000 449
81000 248
81000 279
81000 404
81000 365
81000 298
81000 97
81000 276
81000 43
81000 203
81000 519
81000 206
81000 323
81000 746
81000 278
81000 450
81000 374
81000 72
81000 581
81000 466
81000 91
81000 535
81000 185
81000 531
81000 286
81000 448
81000 239
81000 346
81000 301
81000 412
81000 334
81000 220
81000 327
81000 163
81000 307
81000 304
81000 594
81000 141
82000 189
82000 249
82000 356
82000 327
82000 134
82000 269
82000 193
82000 146
82000 447
82000 281
82000 363
82000 173
82000 360
82000 490
82000 397
82000 478
82000 106
82000 241
82000 238
82000 167
82000 269
82000 290
82000 294
82000 448
82000 85
82000 437
82000 397
82000 325
82000 243
82000 277
82000 550
82000 364
82000 429
82000 389
82000 307
82000 290
82000 523
82000 433
82000 287
82000 339
82000 308
82000 689
82000 522
82000 377
82000 525
82000 427
82000 449
82000 623
82000 231
82000 194
83000 83
83000 290
83000 699
83000 743
83000 325
83000 186
83000 713
83000 73
83000 436
83000 219
83000 301
83000 221
83000 496
83000 422
83000 235
83000 66
83000 469
83000 454
83000 386
83000 283
83000 114
83000 660
83000 152
83000 573
83000 590
83000 684
83000 441
83000 292
83000 586
83000 383
83000 108
83000 503
83000 564
83000 450
83000 464
83000 143
83000 163
83000 218
83000 249
83000 332
83000 579
83000 363
83000 230
83000 198
83000 410
83000 461
83000 690
83000 309
83000 510
83000 211
84000 579
84000 135
84000 126
84000 382
84000 341
84000 270
84000 540
84000 269
84000 353
84000 369
84000 809
84000 246
84000 453
84000 595
84000 357
84000 404
84000 348
84000 252
84000 207
84000 458
84000 320
84000 393
84000 633
84000 106
84000 320
84000 613
84000 415
84000 312
84000 235
84000 634
84000 446
84000 23
84000 142
84000 403
84000 74
84000 49
84000 568
84000 303
84000 555
84000 342
84000 285
84000 297
84000 272
84000 383
84000 506
84000 164
84000 308
84000 335
84000 213
84000 286
85000 295
85000 95
85000 551
85000 261
85000 525
85000 361
85000 342
85000 207
85000 304
85000 140
85000 255
85000 266
85000 209
85000 231
85000 562
85000 146
85000 535
85000 404
85000 124
85000 307
85000 325
85000 478
85000 213
85000 756
85000 27
85000 405
85000 236
85000 113
85000 263
85000 669
85000 247
85000 591
85000 149
85000 517
85000 263
85000 346
85000 280
85000 187
85000 207
85000 168
85000 796
85000 268
85000 446
85000 418
85000 153
85000 281
85000 502
85000 155
85000 544
85000 128
86000 349
86000 493
86000 177
86000 802
86000 515
86000 727
86000 378
86000 206
86000 283
86000 222
86000 526
86000 59
86000 261
86000 295
86000 94
86000 421
86000 364
86000 527
86000 379
86000 130
86000 207
86000 162
86000 495
86000 159
86000 233
86000 359
86000 396
86000 464
86000 437
86000 279
86000 219
86000 238
86000 417
86000 337
86000 337
86000 148
86000 77
86000 169
86000 358
86000 130
86000 123
86000 335
86000 164
86000 372
86000 505
86000 478
86000 579
86000 648
86000 262
86000 150
87000 287
87000 474
87000 374
87000 281
87000 405
87000 156
87000 121
87000 157
87000 348
87000 407
87000 143
87000 391
87000 292
87000 287
87000 780
87000 364
87000 751
87000 196
87000 536
87000 565
87000 282
87000 210
87000 275
87000 348
87000 121
87000 181
87000 63
87000 280
87000 704
87000 279
87000 244
87000 354
87000 220
87000 394
87000 697
87000 672
87000 482
87000 376
87000 579
87000 270
87000 107
87000 224
87000 643
87000 280
87000 378
87000 287
87000 166
87000 183
87000 206
87000 591
88000 373
88000 168
88000 722
88000 175
88000 310
88000 511
88000 754
88000 152
88000 218
88000 473
88000 49
88000 304
88000 466
88000 490
88000 359
88000 48
88000 533
88000 258
88000 420
88000 110
88000 241
88000 127
88000 372
88000 188
88000 500
88000 494
88000 126
88000 612
88000 352
88000 276
88000 418
88000 189
88000 762
88000 328
88000 226
88000 625
88000 191
88000 291
88000 1015
88000 627
88000 137
88000 186
88000 308
88000 21
88000 560
88000 277
88000 495
88000 179
88000 459
88000 349
89000 134
89000 358
89000 232
89000 365
89000 154
89000 236
89000 359
89000 68
89000 178
89000 371
89000 605
89000 272
89000 359
89000 426
89000 764
89000 533
89000 521
89000 615
89000 571
89000 326
89000 430
89000 343
89000 877
89000 550
89000 488
89000 391
89000 393
89000 222
89000 510
89000 610
89000 842
89000 203
89000 790
89000 786
89000 261
89000 355
89000 471
89000 516
89000 184
89000 1102
89000 184
89000 348
89000 122
89000 453
89000 259
89000 289
89000 495
89000 817
89000 77
89000 436
90000 334
90000 471
90000 432
90000 368
90000 295
90000 99
90000 398
90000 615
90000 606
90000 222
90000 397
90000 370
90000 252
90000 712
90000 650
90000 442
90000 491
90000 354
90000 900
90000 174
90000 634
90000 393
90000 573
90000 467
90000 410
90000 99
90000 416
90000 694
90000 284
90000 348
90000 328
90000 506
90000 379
90000 307
90000 914
90000 377
90000 288
90000 446
90000 465
90000 312
90000 224
90000 412
90000 188
90000 551
90000 215
90000 313
90000 237
90000 21
90000 149
90000 598
91000 264
91000 392
91000 400
91000 721
91000 254
91000 659
91000 221
91000 307
91000 576
91000 600
91000 420
91000 422
91000 166
91000 438
91000 312
91000 93
91000 522
91000 512
91000 130
91000 519
91000 62
91000 392
91000 892
91000 303
91000 498
91000 419
91000 305
91000 894
91000 181
91000 595
91000 259
91000 324
91000 565
91000 533
91000 312
91000 408
91000 1028
91000 291
91000 667
91000 1079
91000 613
91000 410
91000 223
91000 163
91000 278
91000 306
91000 436
91000 296
91000 191
91000 336
92000 327
92000 252
92000 444
92000 696
92000 362
92000 196
92000 442
92000 398
92000 449
92000 147
92000 665
92000 512
92000 172
92000 338
92000 864
92000 128
92000 262
92000 582
92000 346
92000 276
92000 146
92000 208
92000 115
92000 277
92000 222
92000 607
92000 283
92000 797
92000 539
92000 249
92000 549
92000 469
92000 177
92000 98
92000 547
92000 289
92000 365
92000 444
92000 282
92000 454
92000 265
92000 191
92000 69
92000 258
92000 108
92000 383
92000 421
92000 648
92000 597
92000 418
93000 586
93000 234
93000 307
93000 281
93000 547
93000 348
93000 216
93000 310
93000 525
93000 206
93000 389
93000 325
93000 421
93000 314
93000 79
93000 619
93000 639
93000 371
93000 607
93000 416
93000 317
93000 169
93000 292
93000 401
93000 348
93000 636
93000 374
93000 614
93000 393
93000 384
93000 268
93000 189
93000 75
93000 154
93000 367
93000 710
93000 233
93000 504
93000 502
93000 447
93000 384
93000 161
93000 471
93000 324
93000 303
93000 450
93000 510
93000 222
93000 341
93000 515
94000 429
94000 361
94000 334
94000 857
94000 372
94000 342
94000 283
94000 674
94000 328
94000 232
94000 545
94000 345
94000 459
94000 594
94000 136
94000 104
94000 855
94000 135
94000 637
94000 178
94000 118
94000 305
94000 305
94000 1056
94000 91
94000 694
94000 487
94000 515
94000 368
94000 320
94000 627
94000 424
94000 439
94000 439
94000 241
94000 305
94000 299
94000 446
94000 496
94000 168
94000 527
94000 308
94000 250
94000 518
94000 320
94000 621
94000 129
94000 353
94000 294
94000 18
95000 620
95000 372
95000 321
95000 454
95000 558
95000 254
95000 466
95000 357
95000 495
95000 117
95000 848
95000 318
95000 750
95000 718
95000 380
95000 731
95000 773
95000 200
95000 241
95000 463
95000 606
95000 1335
95000 449
95000 779
95000 794
95000 203
95000 111
95000 200
95000 350
95000 612
95000 230
95000 208
95000 173
95000 256
95000 346
95000 248
95000 50
95000 376
95000 465
95000 470
95000 547
95000 393
95000 597
95000 206
95000 560
95000 433
95000 585
95000 824
95000 270
95000 797
96000 303
96000 180
96000 554
96000 285
96000 738
96000 267
96000 401
96000 127
96000 535
96000 232
96000 542
96000 565
96000 207
96000 348
96000 323
96000 228
96000 85
96000 176
96000 357
96000 502
96000 46
96000 534
96000 436
96000 515
96000 216
96000 762
96000 687
96000 179
96000 594
96000 787
96000 278
96000 312
96000 339
96000 214
96000 658
96000 550
96000 344
96000 199
96000 727
96000 411
96000 421
96000 432
96000 656
96000 426
96000 550
96000 270
96000 129
96000 386
96000 265
96000 680
97000 242
97000 552
97000 639
97000 313
97000 32
97000 411
97000 415
97000 616
97000 940
97000 236
97000 862
97000 293
97000 380
97000 466
97000 228
97000 429
97000 373
97000 469
97000 131
97000 290
97000 392
97000 492
97000 453
97000 586
97000 406
97000 296
97000 84
97000 310
97000 688
97000 367
97000 256
97000 189
97000 385
97000 469
97000 127
97000 183
97000 695
97000 383
97000 503
97000 585
97000 465
97000 326
97000 440
97000 296
97000 422
97000 373
97000 89
97000 633
97000 215
97000 192
98000 552
98000 679
98000 378
98000 532
98000 536
98000 636
98000 322
98000 341
98000 376
98000 256
98000 610
98000 505
98000 786
98000 433
98000 204
98000 628
98000 407
98000 350
98000 241
98000 253
98000 623
98000 273
98000 523
98000 474
98000 328
98000 339
98000 208
98000 212
98000 863
98000 481
98000 47
98000 299
98000 166
98000 489
98000 300
98000 152
98000 415
98000 360
98000 564
98000 355
98000 328
98000 252
98000 784
98000 645
98000 227
98000 11
98000 152
98000 737
98000 199
98000 208
99000 430
99000 174
99000 255
99000 354
99000 512
99000 220
99000 164
99000 424
99000 45
99000 493
99000 150
99000 612
99000 304
99000 647
99000 214
99000 616
99000 484
99000 431
99000 273
99000 444
99000 409
99000 432
99000 129
99000 185
99000 128
99000 330
99000 337
99000 509
99000 211
99000 556
99000 308
99000 206
99000 576
99000 129
99000 838
99000 410
99000 394
99000 354
99000 456
99000 353
99000 274
99000 751
99000 228
99000 545
99000 155
99000 351
99000 572
99000 132
99000 378
99000 353
100000 146
100000 496
100000 131
100000 630
100000 787
100000 64
100000 525
100000 128
100000 136
100000 576
100000 170
100000 311
100000 512
100000 216
100000 255
100000 82
100000 281
100000 377
100000 338
100000 669
100000 51
100000 964
100000 372
100000 259
100000 641
100000 66
100000 232
100000 445
100000 588
100000 356
100000 111
100000 690
100000 399
100000 590
100000 424
100000 329
100000 196
100000 874
100000 201
100000 684
100000 123
100000 506
100000 255
100000 380
100000 516
100000 472
100000 357
100000 473
100000 201
100000 249
