1000 8739
1000 14297
1000 10772
1000 7532
1000 8187
1000 6845
1000 7946
1000 8472
1000 7944
1000 8184
1000 8672
1000 8501
1000 9471
1000 7519
1000 6927
1000 8105
1000 8850
1000 7410
1000 6417
1000 9374
1000 5672
1000 6011
1000 7921
1000 6778
1000 6420
1000 8582
1000 6912
1000 7764
1000 7387
1000 6678
1000 8183
1000 7633
1000 6610
1000 7385
1000 6291
1000 6403
1000 7994
1000 7451
1000 10209
1000 8022
1000 6739
1000 6569
1000 6595
1000 7305
1000 7713
1000 7604
1000 6719
1000 6760
1000 5944
1000 6425
2000 15763
2000 12332
2000 15585
2000 14224
2000 24398
2000 18195
2000 15996
2000 14067
2000 19345
2000 14991
2000 15347
2000 15299
2000 17520
2000 25756
2000 16448
2000 14782
2000 22462
2000 17541
2000 16085
2000 18001
2000 14699
2000 18310
2000 14293
2000 21008
2000 19959
2000 14307
2000 12421
2000 14149
2000 18343
2000 19281
2000 16800
2000 12336
2000 14313
2000 14952
2000 13720
2000 14603
2000 21210
2000 15351
2000 17576
2000 17617
2000 15676
2000 20663
2000 19444
2000 16397
2000 22441
2000 17781
2000 14182
2000 18866
2000 15759
2000 13195
3000 26326
3000 23815
3000 33986
3000 26187
3000 28558
3000 30228
3000 26467
3000 25396
3000 26101
3000 30429
3000 33899
3000 20281
3000 22892
3000 21234
3000 27403
3000 18408
3000 24372
3000 23282
3000 30749
3000 20976
3000 23459
3000 24782
3000 20444
3000 22888
3000 19735
3000 25316
3000 30525
3000 23535
3000 24551
3000 26356
3000 25579
3000 39157
3000 20029
3000 28494
3000 27228
3000 27593
3000 29986
3000 28373
3000 24747
3000 23666
3000 27517
3000 22253
3000 40323
3000 25056
3000 23518
3000 21835
3000 27227
3000 24984
3000 29631
3000 27739
4000 29874
4000 37036
4000 39370
4000 36237
4000 32352
4000 42791
4000 33217
4000 30460
4000 33196
4000 32126
4000 36782
4000 46020
4000 26235
4000 42752
4000 33263
4000 35730
4000 30932
4000 38578
4000 39715
4000 31627
4000 29854
4000 26244
4000 33244
4000 37551
4000 29839
4000 32411
4000 35627
4000 30954
4000 38414
4000 35313
4000 38973
4000 33806
4000 37103
4000 39179
4000 37734
4000 31819
4000 39237
4000 33988
4000 35055
4000 49922
4000 29881
4000 27501
4000 35982
4000 30041
4000 29196
4000 33754
4000 32928
4000 36911
4000 32075
4000 28687
5000 43380
5000 50887
5000 48207
5000 49475
5000 52962
5000 42888
5000 47419
5000 49833
5000 44426
5000 43312
5000 40476
5000 60527
5000 44975
5000 47171
5000 43176
5000 40420
5000 41150
5000 53658
5000 41479
5000 44198
5000 52940
5000 46750
5000 54710
5000 45942
5000 37941
5000 42122
5000 46024
5000 50550
5000 44225
5000 45009
5000 35158
5000 41180
5000 45321
5000 45842
5000 44227
5000 40724
5000 40690
5000 37262
5000 43886
5000 45872
5000 47367
5000 42907
5000 50303
5000 50340
5000 36114
5000 38544
5000 46244
5000 43316
5000 45886
5000 38144
6000 57891
6000 51833
6000 73110
6000 49984
6000 57810
6000 62190
6000 53540
6000 48969
6000 47958
6000 63609
6000 47721
6000 60196
6000 49570
6000 48945
6000 61045
6000 51552
6000 45223
6000 56456
6000 62422
6000 58405
6000 55865
6000 65018
6000 45423
6000 46487
6000 44409
6000 53544
6000 55606
6000 60620
6000 49660
6000 52762
6000 48077
6000 53233
6000 67476
6000 58111
6000 53503
6000 48553
6000 80953
6000 58434
6000 66078
6000 52197
6000 55870
6000 53205
6000 50871
6000 59530
6000 54408
6000 66204
6000 52656
6000 52329
6000 56819
6000 44610
7000 82838
7000 65054
7000 78580
7000 61450
7000 67742
7000 62829
7000 60240
7000 58105
7000 59101
7000 57079
7000 63883
7000 63074
7000 62748
7000 67366
7000 63744
7000 56224
7000 72376
7000 77424
7000 60190
7000 96842
7000 60259
7000 70453
7000 65915
7000 53440
7000 66696
7000 59835
7000 61908
7000 68466
7000 68363
7000 62212
7000 64995
7000 58250
7000 56189
7000 78400
7000 63978
7000 75661
7000 58906
7000 74635
7000 64088
7000 60038
7000 79658
7000 74274
7000 63403
7000 53274
7000 72085
7000 63155
7000 59665
7000 48678
7000 68025
7000 64622
8000 90945
8000 76874
8000 63705
8000 68918
8000 86988
8000 75037
8000 88166
8000 71880
8000 64616
8000 81807
8000 67618
8000 83744
8000 83389
8000 119964
8000 79023
8000 76832
8000 86845
8000 66025
8000 82065
8000 76598
8000 84621
8000 75592
8000 62066
8000 75222
8000 79426
8000 69264
8000 73556
8000 79103
8000 74314
8000 79397
8000 65347
8000 85724
8000 79461
8000 96219
8000 74478
8000 71822
8000 79357
8000 98071
8000 81918
8000 94532
8000 68719
8000 79019
8000 74106
8000 71237
8000 62591
8000 72700
8000 81821
8000 76216
8000 89777
8000 59609
9000 77794
9000 121911
9000 89478
9000 103239
9000 115600
9000 90614
9000 77611
9000 68745
9000 83549
9000 112417
9000 79608
9000 71693
9000 86884
9000 79578
9000 70568
9000 73461
9000 86722
9000 84546
9000 70566
9000 109211
9000 107577
9000 80175
9000 79162
9000 105965
9000 100020
9000 81426
9000 79077
9000 74599
9000 89237
9000 72281
9000 74904
9000 74613
9000 84118
9000 91974
9000 86805
9000 92024
9000 81726
9000 102389
9000 83203
9000 94054
9000 83461
9000 76758
9000 98850
9000 80394
9000 103139
9000 68802
9000 96661
9000 78177
9000 78258
9000 71275
10000 95228
10000 106342
10000 84687
10000 103985
10000 81607
10000 128277
10000 127390
10000 123201
10000 97241
10000 82591
10000 85880
10000 110610
10000 107506
10000 82979
10000 97410
10000 98116
10000 103736
10000 94368
10000 94812
10000 110592
10000 97958
10000 85840
10000 112403
10000 89869
10000 86867
10000 96406
10000 88754
10000 101071
10000 78671
10000 113383
10000 104475
10000 100654
10000 95335
10000 93321
10000 97971
10000 81475
10000 104874
10000 80575
10000 108293
10000 99114
10000 92006
10000 88219
10000 99039
10000 94955
10000 99745
10000 87267
10000 88526
10000 122373
10000 96164
10000 81941
11000 89148
11000 111321
11000 111510
11000 129607
11000 112477
11000 96536
11000 122850
11000 113422
11000 116725
11000 101964
11000 129038
11000 95467
11000 110671
11000 107252
11000 124169
11000 100437
11000 127945
11000 128789
11000 123345
11000 101981
11000 126725
11000 108168
11000 117941
11000 106374
11000 117091
11000 95941
11000 101554
11000 118783
11000 109322
11000 86567
11000 91482
11000 108879
11000 111343
11000 100524
11000 105462
11000 117921
11000 98810
11000 108189
11000 90087
11000 90280
11000 120403
11000 111361
11000 117206
11000 100209
11000 153769
11000 113530
11000 118258
11000 100383
11000 100172
11000 93342
12000 115619
12000 122138
12000 102939
12000 109755
12000 102338
12000 105837
12000 108714
12000 109120
12000 120355
12000 110552
12000 149415
12000 133577
12000 119473
12000 113898
12000 110220
12000 130175
12000 138585
12000 140716
12000 124701
12000 117555
12000 118387
12000 96294
12000 112670
12000 94757
12000 114129
12000 95257
12000 127790
12000 100592
12000 122052
12000 91398
12000 120903
12000 147881
12000 115814
12000 142321
12000 115328
12000 131076
12000 141267
12000 142266
12000 95791
12000 162370
12000 151709
12000 112546
12000 112523
12000 107181
12000 137343
12000 102059
12000 125083
12000 128107
12000 101917
12000 98515
13000 115310
13000 130976
13000 117710
13000 123478
13000 115129
13000 127809
13000 112666
13000 146172
13000 116445
13000 155446
13000 143457
13000 127015
13000 164200
13000 121478
13000 133383
13000 127550
13000 140061
13000 127598
13000 133411
13000 154448
13000 125090
13000 123512
13000 127390
13000 109288
13000 119954
13000 134075
13000 120325
13000 131463
13000 133314
13000 104578
13000 128255
13000 141458
13000 169032
13000 114549
13000 129646
13000 131886
13000 135132
13000 160670
13000 132617
13000 164767
13000 133228
13000 113698
13000 135871
13000 126727
13000 118917
13000 134548
13000 119503
13000 111219
13000 134146
13000 143087
14000 143420
14000 138506
14000 161822
14000 130485
14000 123117
14000 180342
14000 151344
14000 113990
14000 151343
14000 183196
14000 123576
14000 130106
14000 141592
14000 125480
14000 145206
14000 140753
14000 130931
14000 141007
14000 156113
14000 124075
14000 191066
14000 150508
14000 143502
14000 133492
14000 135822
14000 118399
14000 122412
14000 152752
14000 144913
14000 107275
14000 158599
14000 138879
14000 127197
14000 123114
14000 130562
14000 152360
14000 114355
14000 154905
14000 124629
14000 165934
14000 130386
14000 133190
14000 129674
14000 181192
14000 131158
14000 133740
14000 151567
14000 170901
14000 148619
14000 126480
15000 149598
15000 141753
15000 147594
15000 148287
15000 152964
15000 185676
15000 140371
15000 205022
15000 153005
15000 145251
15000 153805
15000 136738
15000 151871
15000 141869
15000 156384
15000 147199
15000 160003
15000 142999
15000 166783
15000 178787
15000 142633
15000 185541
15000 184491
15000 143710
15000 146657
15000 130510
15000 147462
15000 147827
15000 120111
15000 175795
15000 133209
15000 148398
15000 151510
15000 194957
15000 138601
15000 131951
15000 157326
15000 150838
15000 174681
15000 126848
15000 131124
15000 181990
15000 143699
15000 191792
15000 140098
15000 191757
15000 150242
15000 176216
15000 125543
15000 139446
16000 144311
16000 161296
16000 138898
16000 180624
16000 139229
16000 142195
16000 152349
16000 208058
16000 149328
16000 159258
16000 160053
16000 154780
16000 190047
16000 168906
16000 209347
16000 184295
16000 160649
16000 153815
16000 172442
16000 156804
16000 189434
16000 142597
16000 137495
16000 193602
16000 179094
16000 199811
16000 195152
16000 190186
16000 206120
16000 208077
16000 134120
16000 182367
16000 185620
16000 159713
16000 179243
16000 184985
16000 152060
16000 139342
16000 175090
16000 171286
16000 162303
16000 172009
16000 148088
16000 165996
16000 145987
16000 140296
16000 143712
16000 172305
16000 166058
16000 166351
17000 197526
17000 175183
17000 192718
17000 166620
17000 174683
17000 149553
17000 155146
17000 146107
17000 150998
17000 164090
17000 163826
17000 202114
17000 139631
17000 164089
17000 200075
17000 181739
17000 191917
17000 167614
17000 141516
17000 184187
17000 167453
17000 200344
17000 143259
17000 204400
17000 186676
17000 194274
17000 137265
17000 189782
17000 155835
17000 180568
17000 150858
17000 188723
17000 168321
17000 154718
17000 179980
17000 144537
17000 194460
17000 216164
17000 172310
17000 171669
17000 172226
17000 173114
17000 185652
17000 159112
17000 153974
17000 176197
17000 208152
17000 157919
17000 177707
17000 179972
18000 158703
18000 174221
18000 208791
18000 175187
18000 210993
18000 174008
18000 167843
18000 193298
18000 185946
18000 177111
18000 189633
18000 180970
18000 198062
18000 183134
18000 199842
18000 192624
18000 180156
18000 203822
18000 164161
18000 195182
18000 156078
18000 181460
18000 162104
18000 183457
18000 182862
18000 219895
18000 233099
18000 165762
18000 178204
18000 190241
18000 178298
18000 175259
18000 171266
18000 192006
18000 201285
18000 188341
18000 285574
18000 259055
18000 190118
18000 190939
18000 177139
18000 216047
18000 168810
18000 183359
18000 166022
18000 170747
18000 192439
18000 167503
18000 180123
18000 239508
19000 211985
19000 197461
19000 285529
19000 177257
19000 202771
19000 205565
19000 218589
19000 183363
19000 193009
19000 169621
19000 196887
19000 185712
19000 215758
19000 189468
19000 224646
19000 205752
19000 188947
19000 168830
19000 189543
19000 214578
19000 191756
19000 171867
19000 183213
19000 218602
19000 218345
19000 160052
19000 174619
19000 206793
19000 176601
19000 214169
19000 187306
19000 185549
19000 207116
19000 197773
19000 217851
19000 182934
19000 162667
19000 165675
19000 237977
19000 171049
19000 185449
19000 187055
19000 180882
19000 189973
19000 249965
19000 153419
19000 167749
19000 176591
19000 209230
19000 196056
20000 213187
20000 191214
20000 248539
20000 183844
20000 193694
20000 223337
20000 330799
20000 196527
20000 222103
20000 264282
20000 195754
20000 198207
20000 186635
20000 228464
20000 218281
20000 185968
20000 208154
20000 198236
20000 218575
20000 179714
20000 174798
20000 242827
20000 245463
20000 264997
20000 178260
20000 225799
20000 229945
20000 208070
20000 208141
20000 222885
20000 194047
20000 278895
20000 194023
20000 171979
20000 206897
20000 218299
20000 203672
20000 247103
20000 178635
20000 198677
20000 196901
20000 204497
20000 209435
20000 201097
20000 217516
20000 181730
20000 208251
20000 225062
20000 169980
20000 203077
21000 190527
21000 214740
21000 265968
21000 224956
21000 204945
21000 213216
21000 201876
21000 183942
21000 223273
21000 237043
21000 221110
21000 201941
21000 193359
21000 237414
21000 213855
21000 194006
21000 237784
21000 199587
21000 203003
21000 218810
21000 225441
21000 229382
21000 220114
21000 225078
21000 222900
21000 202842
21000 235954
21000 265623
21000 198090
21000 178468
21000 215870
21000 235441
21000 201047
21000 188681
21000 206912
21000 241906
21000 199243
21000 226537
21000 209122
21000 188235
21000 196352
21000 207808
21000 242441
21000 264214
21000 259933
21000 212917
21000 231584
21000 204487
21000 194113
21000 177426
22000 232015
22000 212874
22000 211198
22000 211405
22000 260510
22000 239037
22000 258170
22000 203693
22000 235074
22000 195554
22000 206730
22000 214294
22000 241061
22000 205110
22000 203247
22000 225340
22000 223231
22000 251961
22000 245217
22000 219357
22000 179572
22000 210897
22000 338545
22000 203528
22000 268103
22000 204843
22000 212157
22000 249937
22000 225627
22000 231447
22000 287622
22000 244564
22000 202815
22000 228936
22000 235146
22000 228538
22000 266913
22000 198929
22000 235038
22000 244391
22000 210641
22000 244951
22000 241397
22000 226572
22000 221308
22000 249693
22000 231781
22000 233378
22000 232937
22000 270929
23000 306109
23000 235381
23000 248754
23000 242478
23000 222850
23000 224606
23000 228958
23000 226684
23000 245046
23000 262211
23000 227778
23000 274012
23000 225689
23000 253128
23000 249482
23000 245952
23000 222660
23000 209070
23000 285282
23000 211461
23000 214991
23000 206698
23000 204750
23000 218570
23000 315954
23000 241710
23000 234205
23000 234599
23000 262011
23000 211688
23000 274426
23000 209799
23000 253324
23000 239972
23000 237020
23000 213047
23000 222716
23000 286949
23000 240979
23000 223943
23000 242811
23000 223314
23000 214185
23000 209363
23000 256532
23000 292991
23000 224479
23000 212997
23000 233917
23000 242961
24000 260106
24000 300786
24000 270895
24000 306508
24000 234548
24000 302593
24000 219930
24000 255871
24000 223163
24000 255432
24000 249356
24000 223503
24000 258855
24000 282981
24000 229337
24000 310493
24000 245585
24000 228123
24000 270135
24000 240691
24000 299050
24000 280515
24000 251483
24000 265540
24000 232034
24000 260883
24000 233250
24000 287117
24000 217888
24000 267819
24000 215803
24000 256186
24000 254218
24000 267065
24000 255621
24000 260289
24000 244377
24000 237752
24000 252459
24000 269015
24000 271586
24000 211357
24000 265304
24000 297073
24000 239943
24000 259215
24000 260785
24000 268482
24000 247434
24000 230213
25000 212618
25000 234671
25000 266530
25000 225594
25000 281694
25000 296147
25000 208849
25000 264839
25000 303054
25000 251024
25000 270095
25000 247481
25000 299151
25000 273197
25000 309895
25000 233928
25000 273134
25000 290108
25000 222792
25000 248406
25000 249503
25000 357051
25000 284714
25000 234288
25000 303330
25000 269874
25000 246883
25000 236344
25000 243249
25000 253000
25000 237977
25000 282576
25000 241416
25000 239126
25000 310290
25000 291721
25000 379700
25000 250073
25000 223659
25000 262308
25000 303159
25000 214797
25000 311533
25000 260354
25000 350466
25000 375120
25000 235108
25000 335014
25000 264919
25000 309288
26000 265781
26000 269637
26000 359959
26000 308670
26000 250754
26000 325117
26000 300818
26000 278994
26000 275983
26000 282425
26000 250641
26000 266399
26000 338308
26000 400368
26000 229029
26000 255436
26000 276008
26000 272350
26000 255352
26000 227949
26000 260405
26000 252513
26000 273626
26000 225858
26000 281637
26000 267353
26000 266915
26000 304183
26000 288049
26000 280957
26000 240319
26000 257973
26000 361048
26000 332239
26000 276209
26000 252585
26000 287068
26000 280640
26000 239720
26000 283450
26000 254614
26000 335517
26000 293141
26000 309145
26000 234109
26000 271551
26000 247227
26000 279771
26000 272369
26000 258614
27000 280157
27000 261381
27000 283843
27000 240105
27000 280929
27000 318411
27000 304643
27000 289617
27000 318584
27000 308420
27000 301493
27000 285567
27000 304674
27000 242837
27000 277575
27000 282412
27000 252807
27000 300105
27000 279419
27000 270876
27000 313189
27000 317860
27000 284690
27000 248722
27000 359512
27000 295342
27000 309644
27000 257484
27000 339922
27000 272499
27000 267766
27000 296062
27000 269161
27000 265027
27000 278104
27000 267720
27000 288311
27000 282735
27000 297689
27000 368217
27000 281880
27000 305563
27000 282509
27000 350782
27000 240700
27000 313785
27000 273702
27000 267912
27000 257702
27000 313847
28000 361229
28000 276567
28000 293071
28000 274952
28000 266343
28000 280806
28000 300341
28000 296366
28000 281349
28000 260180
28000 287133
28000 330446
28000 254404
28000 351016
28000 276129
28000 308264
28000 351195
28000 281735
28000 331700
28000 365755
28000 295813
28000 350668
28000 282901
28000 311448
28000 309829
28000 277406
28000 265188
28000 311123
28000 319285
28000 252961
28000 291559
28000 297925
28000 299402
28000 265969
28000 271262
28000 314114
28000 303999
28000 281324
28000 300663
28000 253873
28000 325686
28000 274783
28000 328827
28000 279156
28000 300762
28000 293467
28000 269482
28000 277728
28000 486920
28000 286292
29000 284234
29000 335394
29000 269380
29000 291220
29000 351969
29000 314246
29000 284063
29000 255079
29000 331011
29000 319236
29000 283139
29000 299489
29000 310591
29000 278369
29000 281826
29000 322786
29000 303273
29000 276887
29000 270591
29000 285749
29000 322056
29000 305581
29000 312362
29000 310202
29000 373465
29000 301880
29000 312481
29000 283201
29000 324633
29000 331093
29000 281441
29000 319524
29000 267464
29000 285331
29000 326540
29000 296453
29000 275407
29000 380078
29000 395663
29000 303680
29000 347890
29000 290964
29000 398839
29000 287515
29000 297230
29000 364481
29000 290085
29000 266239
29000 293410
29000 305848
30000 361448
30000 337179
30000 337648
30000 343745
30000 317135
30000 375363
30000 274868
30000 378477
30000 358760
30000 322844
30000 342633
30000 364357
30000 301783
30000 308374
30000 299258
30000 302305
30000 310572
30000 289459
30000 403323
30000 279027
30000 349607
30000 301963
30000 319090
30000 329654
30000 347515
30000 420232
30000 388450
30000 301881
30000 321279
30000 315024
30000 364141
30000 288680
30000 307723
30000 380943
30000 353840
30000 340313
30000 338839
30000 307957
30000 338991
30000 318707
30000 382888
30000 367191
30000 312770
30000 404646
30000 317198
30000 312437
30000 337509
30000 462656
30000 284761
30000 291381
31000 448762
31000 379979
31000 348847
31000 430210
31000 333423
31000 339835
31000 368647
31000 319432
31000 339035
31000 396612
31000 378257
31000 395720
31000 322463
31000 330557
31000 340291
31000 296301
31000 299662
31000 362278
31000 351792
31000 306052
31000 460819
31000 322728
31000 254262
31000 300612
31000 365533
31000 326444
31000 327561
31000 317286
31000 358260
31000 317076
31000 419874
31000 318937
31000 520175
31000 308845
31000 285074
31000 348227
31000 366072
31000 338587
31000 290079
31000 300299
31000 343833
31000 299627
31000 407796
31000 292918
31000 314014
31000 383833
31000 292564
31000 400672
31000 354591
31000 345830
32000 437032
32000 451006
32000 296600
32000 424324
32000 348702
32000 335190
32000 345273
32000 383536
32000 317509
32000 353413
32000 326417
32000 361794
32000 327039
32000 356861
32000 365896
32000 383399
32000 312249
32000 292522
32000 351756
32000 315291
32000 338440
32000 366194
32000 366278
32000 345538
32000 370345
32000 302093
32000 328648
32000 322990
32000 304160
32000 338053
32000 310670
32000 356077
32000 360271
32000 410227
32000 353965
32000 303620
32000 378872
32000 345908
32000 294890
32000 310391
32000 324239
32000 362337
32000 325306
32000 386207
32000 332194
32000 382438
32000 321684
32000 325780
32000 346867
32000 336659
33000 436992
33000 315261
33000 356709
33000 313264
33000 326665
33000 403635
33000 416894
33000 315045
33000 454944
33000 383117
33000 433952
33000 403577
33000 410584
33000 416435
33000 348409
33000 466900
33000 309286
33000 343218
33000 337620
33000 466126
33000 366385
33000 317390
33000 364783
33000 350615
33000 336585
33000 313022
33000 377247
33000 386204
33000 334701
33000 372139
33000 401236
33000 442390
33000 384216
33000 385404
33000 372169
33000 421807
33000 352841
33000 307666
33000 343745
33000 353224
33000 419009
33000 324353
33000 329837
33000 345484
33000 325032
33000 439073
33000 331788
33000 397354
33000 381031
33000 349170
34000 416865
34000 397692
34000 356429
34000 368361
34000 359659
34000 331683
34000 386397
34000 378363
34000 355093
34000 330018
34000 355839
34000 339281
34000 347776
34000 331303
34000 478515
34000 356703
34000 345441
34000 349533
34000 390098
34000 378411
34000 373423
34000 305719
34000 466072
34000 351669
34000 332875
34000 490179
34000 361753
34000 365730
34000 435110
34000 407894
34000 354460
34000 333954
34000 349836
34000 366904
34000 411559
34000 312319
34000 331500
34000 403245
34000 371210
34000 316801
34000 340213
34000 347472
34000 387247
34000 335789
34000 287684
34000 463377
34000 362972
34000 360882
34000 469641
34000 355060
35000 365527
35000 375226
35000 444386
35000 402401
35000 355098
35000 320563
35000 388425
35000 386263
35000 416939
35000 343717
35000 375260
35000 432295
35000 404293
35000 403944
35000 313260
35000 451981
35000 320955
35000 421905
35000 395277
35000 448834
35000 320032
35000 323937
35000 332786
35000 361883
35000 420401
35000 358150
35000 359885
35000 389007
35000 320547
35000 339784
35000 370148
35000 395426
35000 412456
35000 364347
35000 373585
35000 424255
35000 369288
35000 345916
35000 414594
35000 433061
35000 399504
35000 368986
35000 323553
35000 343681
35000 388914
35000 354606
35000 417697
35000 379123
35000 336447
35000 383495
36000 368836
36000 365377
36000 424018
36000 358166
36000 398373
36000 425923
36000 335832
36000 414668
36000 368505
36000 404801
36000 479618
36000 525256
36000 370633
36000 363365
36000 388391
36000 427565
36000 409101
36000 411558
36000 467450
36000 357534
36000 407369
36000 437426
36000 495012
36000 421032
36000 429248
36000 425644
36000 332844
36000 530108
36000 396475
36000 524999
36000 378801
36000 413432
36000 344496
36000 395070
36000 452001
36000 381129
36000 422943
36000 384691
36000 350103
36000 348144
36000 370117
36000 411277
36000 354877
36000 435909
36000 412293
36000 412288
36000 375994
36000 468294
36000 346978
36000 342050
37000 394035
37000 409621
37000 370884
37000 399437
37000 407090
37000 385775
37000 375343
37000 466512
37000 349198
37000 387397
37000 393196
37000 368362
37000 381367
37000 366169
37000 402385
37000 370642
37000 346679
37000 423805
37000 513787
37000 460869
37000 362103
37000 385650
37000 411911
37000 360624
37000 461176
37000 397247
37000 430223
37000 396028
37000 388173
37000 410521
37000 408770
37000 447093
37000 384433
37000 422853
37000 402454
37000 433743
37000 354096
37000 407299
37000 375304
37000 404129
37000 378853
37000 351455
37000 446884
37000 420645
37000 460259
37000 391159
37000 419107
37000 393539
37000 390324
37000 450081
38000 509005
38000 453108
38000 395598
38000 379299
38000 463330
38000 424786
38000 520136
38000 406310
38000 413793
38000 373897
38000 464624
38000 374254
38000 448222
38000 373134
38000 369563
38000 460767
38000 370543
38000 358629
38000 409440
38000 433954
38000 378079
38000 449367
38000 488399
38000 422453
38000 398662
38000 379688
38000 406533
38000 395273
38000 492143
38000 451481
38000 485992
38000 451425
38000 405197
38000 384830
38000 433325
38000 387095
38000 402630
38000 362823
38000 507307
38000 515043
38000 397747
38000 378349
38000 361856
38000 531310
38000 386278
38000 346978
38000 424817
38000 458141
38000 373533
38000 427644
39000 409631
39000 465739
39000 458953
39000 396898
39000 361286
39000 489291
39000 436847
39000 474364
39000 476596
39000 403017
39000 480978
39000 446916
39000 401276
39000 497156
39000 436311
39000 420783
39000 461094
39000 366256
39000 397374
39000 419862
39000 400021
39000 428401
39000 435464
39000 425179
39000 400206
39000 499660
39000 462347
39000 508040
39000 447867
39000 430382
39000 423862
39000 424192
39000 375528
39000 388870
39000 497273
39000 491981
39000 348931
39000 438774
39000 417370
39000 394799
39000 466471
39000 430782
39000 468837
39000 382008
39000 355545
39000 460513
39000 415265
39000 388191
39000 450940
39000 488007
40000 399009
40000 468086
40000 410636
40000 411903
40000 386692
40000 515861
40000 478828
40000 370182
40000 476118
40000 468889
40000 369528
40000 447470
40000 473796
40000 419337
40000 390311
40000 436258
40000 433858
40000 510630
40000 402483
40000 505648
40000 429032
40000 525617
40000 435969
40000 424405
40000 491270
40000 514458
40000 477533
40000 396220
40000 431848
40000 474083
40000 403943
40000 498649
40000 476664
40000 422006
40000 401133
40000 412055
40000 471860
40000 466322
40000 496077
40000 441876
40000 531032
40000 526468
40000 382953
40000 388336
40000 470606
40000 424744
40000 463520
40000 435911
40000 490854
40000 443543
41000 466892
41000 446482
41000 530980
41000 518243
41000 430632
41000 416177
41000 418313
41000 474308
41000 431290
41000 455696
41000 413132
41000 494044
41000 423092
41000 430519
41000 427839
41000 411622
41000 648524
41000 414981
41000 457888
41000 395794
41000 631615
41000 446084
41000 460645
41000 524376
41000 433920
41000 514634
41000 485234
41000 438612
41000 461064
41000 394156
41000 502113
41000 388724
41000 523765
41000 478487
41000 484907
41000 536313
41000 455826
41000 448051
41000 537730
41000 569259
41000 406597
41000 544479
41000 459047
41000 443854
41000 435834
41000 385573
41000 431273
41000 445199
41000 626440
41000 526122
42000 524702
42000 482451
42000 396756
42000 434336
42000 496282
42000 547108
42000 462037
42000 440088
42000 500070
42000 435588
42000 405537
42000 458335
42000 502696
42000 489651
42000 451159
42000 525451
42000 426314
42000 440723
42000 461680
42000 439305
42000 432179
42000 455733
42000 412811
42000 402099
42000 469414
42000 466846
42000 457756
42000 504974
42000 494028
42000 500714
42000 375890
42000 427046
42000 482679
42000 442471
42000 466555
42000 493239
42000 464406
42000 497261
42000 479556
42000 408362
42000 439317
42000 412042
42000 470449
42000 513608
42000 445893
42000 481587
42000 471702
42000 449231
42000 433399
42000 457459
43000 422814
43000 565418
43000 427846
43000 568912
43000 402863
43000 539398
43000 416038
43000 374287
43000 431310
43000 569488
43000 481853
43000 506032
43000 527313
43000 429338
43000 467793
43000 392811
43000 426225
43000 558747
43000 610507
43000 488879
43000 455975
43000 463328
43000 494185
43000 524685
43000 448048
43000 447187
43000 597617
43000 635677
43000 510200
43000 493239
43000 476020
43000 464135
43000 436677
43000 431311
43000 422209
43000 547689
43000 442712
43000 455838
43000 477016
43000 585822
43000 437262
43000 446833
43000 425509
43000 480055
43000 458818
43000 521813
43000 469932
43000 439300
43000 445393
43000 516172
44000 552763
44000 503246
44000 485306
44000 504824
44000 474909
44000 462191
44000 432162
44000 519372
44000 444329
44000 486616
44000 516370
44000 485677
44000 551155
44000 537753
44000 501320
44000 419364
44000 507717
44000 574845
44000 458583
44000 526418
44000 591289
44000 436334
44000 637354
44000 467730
44000 527374
44000 473330
44000 449707
44000 563050
44000 445003
44000 469305
44000 480349
44000 516352
44000 419478
44000 533318
44000 423235
44000 621935
44000 481377
44000 431288
44000 512619
44000 486576
44000 488991
44000 536877
44000 587437
44000 497247
44000 626797
44000 438910
44000 568117
44000 502956
44000 458234
44000 514906
45000 580916
45000 497639
45000 473859
45000 516395
45000 468720
45000 483052
45000 459636
45000 505957
45000 496783
45000 583358
45000 493963
45000 435309
45000 482865
45000 428249
45000 482555
45000 486352
45000 489060
45000 626821
45000 445712
45000 749479
45000 467283
45000 502131
45000 484691
45000 476319
45000 485900
45000 532697
45000 472869
45000 480644
45000 491944
45000 472145
45000 525282
45000 455668
45000 494502
45000 503301
45000 515253
45000 461636
45000 516462
45000 473590
45000 563714
45000 479193
45000 530991
45000 529827
45000 567316
45000 516076
45000 434113
45000 478180
45000 529008
45000 501862
45000 491412
45000 462718
46000 474151
46000 564793
46000 640646
46000 503623
46000 502190
46000 567204
46000 601147
46000 466247
46000 460681
46000 492270
46000 422819
46000 483375
46000 533686
46000 518903
46000 469496
46000 586633
46000 482305
46000 555552
46000 506803
46000 541205
46000 557016
46000 463249
46000 586129
46000 531414
46000 498703
46000 769546
46000 578821
46000 537511
46000 457423
46000 465404
46000 494414
46000 473948
46000 531383
46000 582533
46000 537680
46000 529278
46000 417601
46000 495275
46000 529533
46000 671142
46000 483145
46000 639806
46000 526225
46000 517255
46000 518623
46000 510712
46000 492390
46000 512492
46000 523960
46000 456752
47000 468838
47000 503856
47000 561300
47000 573729
47000 582808
47000 638759
47000 654308
47000 625115
47000 514474
47000 452324
47000 515526
47000 545643
47000 657608
47000 546629
47000 497415
47000 472700
47000 536929
47000 440535
47000 565498
47000 550516
47000 577039
47000 490551
47000 535156
47000 498619
47000 459111
47000 496762
47000 505699
47000 465518
47000 533472
47000 544107
47000 575962
47000 579020
47000 493390
47000 457483
47000 449287
47000 509670
47000 547212
47000 573497
47000 462409
47000 470821
47000 536450
47000 480731
47000 626671
47000 652262
47000 600097
47000 487398
47000 516453
47000 474961
47000 524313
47000 553950
48000 514822
48000 577996
48000 575925
48000 519514
48000 588105
48000 611316
48000 461042
48000 494387
48000 543064
48000 616035
48000 593428
48000 587017
48000 562814
48000 448606
48000 520614
48000 677781
48000 558382
48000 530766
48000 509078
48000 524290
48000 565823
48000 475978
48000 610398
48000 523772
48000 518265
48000 526396
48000 565850
48000 504274
48000 694524
48000 532713
48000 582763
48000 586729
48000 566457
48000 570837
48000 499485
48000 569793
48000 499726
48000 545912
48000 615071
48000 546534
48000 453507
48000 606764
48000 497073
48000 566265
48000 544098
48000 608339
48000 642314
48000 515870
48000 480248
48000 723700
49000 606655
49000 547947
49000 451744
49000 566506
49000 580206
49000 509246
49000 536218
49000 498211
49000 494539
49000 621375
49000 547216
49000 543248
49000 550094
49000 605476
49000 636980
49000 581757
49000 499362
49000 438899
49000 553189
49000 507524
49000 547187
49000 569427
49000 555032
49000 509803
49000 764960
49000 494853
49000 563454
49000 533706
49000 484851
49000 484807
49000 476670
49000 524306
49000 645509
49000 504609
49000 513402
49000 613443
49000 720313
49000 519514
49000 509525
49000 566726
49000 550073
49000 521855
49000 503267
49000 552398
49000 583601
49000 505594
49000 471702
49000 496468
49000 621560
49000 536845
50000 529884
50000 507057
50000 586065
50000 541658
50000 659470
50000 622454
50000 643007
50000 518284
50000 666166
50000 611493
50000 503031
50000 656651
50000 544461
50000 535019
50000 599086
50000 577241
50000 563241
50000 569819
50000 497090
50000 598702
50000 591578
50000 668376
50000 523441
50000 643174
50000 517912
50000 494379
50000 506659
50000 672769
50000 598561
50000 579157
50000 498686
50000 598112
50000 576081
50000 529822
50000 558760
50000 511420
50000 509272
50000 631763
50000 585120
50000 545190
50000 541190
50000 522174
50000 635819
50000 624452
50000 549632
50000 516009
50000 585768
50000 512099
50000 579098
50000 561542
51000 696960
51000 684625
51000 536101
51000 602302
51000 691805
51000 527915
51000 565468
51000 516805
51000 457222
51000 559318
51000 596105
51000 549758
51000 512872
51000 476110
51000 509993
51000 543984
51000 483899
51000 594594
51000 538586
51000 625280
51000 614096
51000 620253
51000 584492
51000 543218
51000 622858
51000 621795
51000 579308
51000 505581
51000 559480
51000 617940
51000 519768
51000 759565
51000 649275
51000 571661
51000 600446
51000 567119
51000 487099
51000 665890
51000 623084
51000 652481
51000 537649
51000 693254
51000 531938
51000 820887
51000 626553
51000 544275
51000 566952
51000 536659
51000 538722
51000 605865
52000 692630
52000 551546
52000 580751
52000 675945
52000 654827
52000 539942
52000 599117
52000 593721
52000 581017
52000 562886
52000 619105
52000 563712
52000 687670
52000 601794
52000 618832
52000 597633
52000 622509
52000 594730
52000 669531
52000 600494
52000 557761
52000 525202
52000 619080
52000 649420
52000 648350
52000 572250
52000 620299
52000 588711
52000 536790
52000 587770
52000 619781
52000 563648
52000 583175
52000 526546
52000 591567
52000 515428
52000 542495
52000 589733
52000 607834
52000 707207
52000 674399
52000 522240
52000 570614
52000 584943
52000 534898
52000 619818
52000 545143
52000 481182
52000 588646
52000 672390
53000 683411
53000 563278
53000 541653
53000 628601
53000 646358
53000 626921
53000 536619
53000 616430
53000 608819
53000 560418
53000 594735
53000 583816
53000 637338
53000 1050355
53000 524863
53000 560100
53000 607212
53000 537804
53000 688220
53000 501287
53000 657764
53000 666848
53000 687472
53000 534741
53000 577314
53000 577980
53000 578052
53000 547986
53000 650419
53000 584952
53000 603296
53000 521821
53000 608328
53000 526411
53000 579029
53000 568681
53000 509899
53000 570844
53000 652194
53000 623624
53000 529557
53000 769040
53000 735359
53000 539028
53000 603633
53000 612516
53000 570198
53000 817539
53000 519870
53000 562719
54000 594337
54000 708473
54000 669100
54000 547376
54000 791110
54000 634890
54000 811881
54000 617974
54000 578504
54000 619885
54000 659732
54000 761803
54000 578143
54000 521112
54000 682086
54000 654890
54000 588623
54000 571248
54000 704389
54000 710444
54000 583217
54000 597803
54000 654969
54000 531748
54000 600104
54000 595379
54000 636285
54000 794636
54000 572457
54000 621374
54000 580655
54000 696549
54000 706073
54000 773888
54000 607731
54000 602869
54000 606569
54000 582302
54000 563775
54000 549002
54000 566886
54000 556673
54000 626108
54000 584063
54000 592161
54000 549215
54000 583302
54000 632730
54000 674380
54000 528023
55000 625838
55000 557498
55000 515354
55000 709476
55000 645533
55000 594663
55000 562862
55000 613535
55000 702849
55000 671755
55000 596938
55000 653000
55000 681221
55000 635165
55000 595696
55000 627785
55000 668135
55000 828976
55000 625484
55000 654661
55000 637858
55000 582779
55000 785641
55000 558999
55000 589666
55000 567665
55000 592439
55000 788123
55000 656408
55000 687270
55000 612981
55000 644029
55000 620541
55000 612773
55000 738249
55000 644259
55000 547936
55000 616349
55000 593951
55000 592644
55000 554771
55000 730604
55000 550935
55000 718701
55000 646393
55000 659036
55000 580846
55000 567782
55000 670008
55000 615141
56000 626518
56000 647071
56000 622898
56000 586565
56000 591864
56000 578662
56000 570491
56000 783424
56000 622694
56000 580741
56000 662778
56000 659238
56000 644655
56000 610030
56000 650334
56000 860747
56000 571333
56000 692704
56000 598455
56000 594968
56000 602519
56000 706194
56000 597828
56000 610573
56000 590490
56000 630237
56000 586346
56000 667496
56000 690238
56000 573475
56000 662758
56000 610959
56000 701102
56000 648247
56000 670976
56000 552902
56000 641738
56000 625069
56000 622703
56000 801477
56000 633500
56000 644079
56000 775779
56000 574381
56000 604165
56000 545986
56000 717122
56000 603679
56000 770218
56000 580067
57000 624862
57000 675550
57000 601385
57000 633483
57000 659124
57000 603335
57000 629804
57000 649617
57000 563434
57000 570776
57000 907081
57000 650070
57000 692555
57000 599487
57000 683643
57000 654868
57000 647221
57000 630115
57000 749821
57000 658057
57000 551526
57000 553945
57000 599642
57000 755305
57000 605149
57000 737184
57000 661477
57000 614723
57000 577867
57000 580498
57000 721970
57000 693359
57000 869697
57000 595298
57000 921100
57000 653140
57000 775463
57000 670723
57000 572503
57000 629865
57000 596543
57000 586380
57000 815772
57000 663117
57000 606842
57000 679982
57000 727394
57000 568355
57000 638030
57000 559306
58000 568137
58000 751678
58000 648036
58000 605699
58000 639121
58000 638296
58000 680221
58000 591586
58000 597375
58000 570170
58000 795800
58000 710338
58000 632094
58000 802180
58000 605924
58000 615257
58000 600355
58000 699756
58000 667576
58000 606263
58000 671338
58000 778377
58000 633857
58000 669630
58000 736154
58000 653366
58000 631792
58000 724940
58000 610870
58000 560071
58000 771784
58000 672786
58000 685488
58000 616044
58000 635257
58000 655975
58000 686168
58000 615132
58000 563735
58000 620281
58000 701401
58000 721083
58000 683947
58000 694832
58000 719369
58000 594900
58000 590744
58000 622317
58000 565895
58000 578138
59000 565217
59000 795186
59000 672876
59000 629161
59000 663911
59000 709224
59000 605534
59000 636027
59000 765967
59000 585956
59000 594493
59000 663872
59000 682656
59000 656722
59000 688122
59000 698769
59000 719255
59000 638509
59000 755579
59000 616765
59000 634818
59000 708967
59000 811191
59000 603181
59000 650405
59000 798341
59000 630989
59000 697122
59000 593290
59000 753561
59000 845946
59000 660469
59000 614466
59000 826175
59000 684992
59000 617812
59000 690697
59000 573375
59000 654520
59000 798648
59000 802869
59000 606578
59000 623838
59000 691738
59000 626200
59000 670283
59000 748861
59000 610440
59000 692924
59000 643134
60000 690749
60000 859200
60000 694784
60000 633179
60000 649990
60000 677629
60000 755833
60000 673429
60000 629254
60000 821386
60000 622128
60000 820409
60000 582260
60000 699382
60000 586390
60000 712572
60000 686574
60000 657447
60000 668515
60000 726228
60000 647662
60000 743907
60000 722356
60000 651971
60000 596926
60000 671338
60000 634407
60000 665023
60000 883974
60000 575664
60000 636542
60000 605558
60000 587390
60000 804406
60000 636260
60000 631224
60000 652041
60000 712777
60000 796694
60000 714317
60000 640948
60000 706371
60000 1144305
60000 744834
60000 687706
60000 694858
60000 707463
60000 743256
60000 788318
60000 640686
61000 697243
61000 606704
61000 670628
61000 670588
61000 663989
61000 646313
61000 802446
61000 646664
61000 657844
61000 656537
61000 707782
61000 725312
61000 713174
61000 745712
61000 711736
61000 758681
61000 743552
61000 659901
61000 751575
61000 703832
61000 616620
61000 765420
61000 776982
61000 696571
61000 627163
61000 665939
61000 753169
61000 674506
61000 593050
61000 677139
61000 649248
61000 698421
61000 690303
61000 711379
61000 633473
61000 739701
61000 804293
61000 735036
61000 925118
61000 721745
61000 715810
61000 783810
61000 620697
61000 675924
61000 595462
61000 726690
61000 608949
61000 668114
61000 660866
61000 703592
62000 679225
62000 679497
62000 717125
62000 631185
62000 646040
62000 789766
62000 809810
62000 816848
62000 667283
62000 790612
62000 657213
62000 759942
62000 689436
62000 633877
62000 752596
62000 878175
62000 730466
62000 581791
62000 651078
62000 854031
62000 664096
62000 711942
62000 595622
62000 796865
62000 664320
62000 704563
62000 712260
62000 666524
62000 745865
62000 715567
62000 730989
62000 681061
62000 731536
62000 859888
62000 712913
62000 732636
62000 632385
62000 610775
62000 643330
62000 678127
62000 642096
62000 756776
62000 767558
62000 674253
62000 804142
62000 696994
62000 709213
62000 640342
62000 645899
62000 657820
63000 706874
63000 668206
63000 675239
63000 741816
63000 757622
63000 682893
63000 605559
63000 690457
63000 704961
63000 716319
63000 699426
63000 795146
63000 697797
63000 757425
63000 645933
63000 669476
63000 769648
63000 724452
63000 671959
63000 636607
63000 747037
63000 737631
63000 681845
63000 692436
63000 1145119
63000 648859
63000 844150
63000 833624
63000 731190
63000 787459
63000 756669
63000 727491
63000 707456
63000 696098
63000 653517
63000 757507
63000 652968
63000 681575
63000 686729
63000 992583
63000 795574
63000 694457
63000 769808
63000 697754
63000 702646
63000 859085
63000 862533
63000 713966
63000 602384
63000 703570
64000 662758
64000 755743
64000 686697
64000 836496
64000 777574
64000 734637
64000 758587
64000 923535
64000 844722
64000 745344
64000 827411
64000 780889
64000 912492
64000 718625
64000 747329
64000 873854
64000 690021
64000 682058
64000 689085
64000 666268
64000 631064
64000 809974
64000 643987
64000 791480
64000 725980
64000 718176
64000 786230
64000 731486
64000 834229
64000 697125
64000 649058
64000 850184
64000 743350
64000 858245
64000 666565
64000 713121
64000 663775
64000 678279
64000 835876
64000 774262
64000 714255
64000 775587
64000 787126
64000 770837
64000 769918
64000 718709
64000 774966
64000 695435
64000 702846
64000 669569
65000 691871
65000 729032
65000 731824
65000 668324
65000 726683
65000 700151
65000 700155
65000 676344
65000 600396
65000 653313
65000 719415
65000 733185
65000 774629
65000 761537
65000 896898
65000 941992
65000 753983
65000 873043
65000 820075
65000 899916
65000 742080
65000 723433
65000 615292
65000 642015
65000 807604
65000 762979
65000 871870
65000 691678
65000 687913
65000 717398
65000 899695
65000 734424
65000 745537
65000 791097
65000 685889
65000 698729
65000 1031001
65000 768136
65000 783019
65000 679296
65000 1004082
65000 978953
65000 889719
65000 760921
65000 653279
65000 862396
65000 761788
65000 752056
65000 729511
65000 792501
66000 726033
66000 951261
66000 711594
66000 783600
66000 843005
66000 798527
66000 692417
66000 699801
66000 729530
66000 778922
66000 638931
66000 709398
66000 749385
66000 828683
66000 800492
66000 717338
66000 821542
66000 743885
66000 669681
66000 752900
66000 682175
66000 878644
66000 768382
66000 734185
66000 781113
66000 793540
66000 690936
66000 780271
66000 820220
66000 644908
66000 805398
66000 656774
66000 835668
66000 673398
66000 836162
66000 670830
66000 814460
66000 800716
66000 695176
66000 738881
66000 731801
66000 681777
66000 724949
66000 702844
66000 796664
66000 639423
66000 747103
66000 896458
66000 737266
66000 669400
67000 707190
67000 827723
67000 889861
67000 843191
67000 674316
67000 693192
67000 786716
67000 675148
67000 920713
67000 793831
67000 619972
67000 784861
67000 831202
67000 697919
67000 688721
67000 729471
67000 700984
67000 778028
67000 709344
67000 848002
67000 727916
67000 727795
67000 901426
67000 731322
67000 740533
67000 823514
67000 748720
67000 798003
67000 986069
67000 774901
67000 699164
67000 1003266
67000 761704
67000 760704
67000 784235
67000 828091
67000 694179
67000 915246
67000 735037
67000 700435
67000 838520
67000 785150
67000 730094
67000 823004
67000 794932
67000 803456
67000 884760
67000 828755
67000 723939
67000 853267
68000 727429
68000 805146
68000 752946
68000 716308
68000 1191240
68000 689986
68000 770576
68000 884725
68000 653139
68000 804864
68000 759641
68000 802539
68000 697428
68000 713125
68000 940001
68000 775430
68000 676857
68000 744216
68000 754768
68000 928618
68000 670824
68000 764753
68000 773849
68000 747538
68000 705486
68000 901157
68000 711397
68000 810274
68000 879647
68000 707224
68000 785338
68000 723485
68000 767646
68000 812653
68000 1040990
68000 738664
68000 767210
68000 774054
68000 696719
68000 796165
68000 909072
68000 656986
68000 696786
68000 674716
68000 701965
68000 657720
68000 907476
68000 809073
68000 738225
68000 869079
69000 720143
69000 788165
69000 806622
69000 785995
69000 801979
69000 932466
69000 951208
69000 793756
69000 915139
69000 706442
69000 741838
69000 1170541
69000 718659
69000 755745
69000 833290
69000 751102
69000 836293
69000 745791
69000 721905
69000 781536
69000 786904
69000 897497
69000 675851
69000 802030
69000 771659
69000 870481
69000 844445
69000 773132
69000 855146
69000 813319
69000 920140
69000 672609
69000 771521
69000 837292
69000 757776
69000 735597
69000 778560
69000 755529
69000 719959
69000 951353
69000 698552
69000 935340
69000 786563
69000 1029310
69000 832151
69000 872426
69000 718549
69000 733029
69000 741627
69000 988388
70000 731656
70000 863446
70000 945237
70000 761603
70000 723259
70000 906153
70000 929622
70000 790287
70000 854276
70000 701604
70000 842377
70000 896764
70000 1276332
70000 818361
70000 924945
70000 1058591
70000 956101
70000 781055
70000 742082
70000 738631
70000 779462
70000 875337
70000 833886
70000 739759
70000 746365
70000 848556
70000 1252715
70000 796875
70000 740005
70000 861620
70000 813067
70000 810262
70000 758507
70000 896858
70000 849073
70000 774150
70000 754435
70000 749477
70000 784065
70000 752488
70000 836842
70000 1041464
70000 693504
70000 793722
70000 762439
70000 730371
70000 847272
70000 790101
70000 719907
70000 873508
71000 824516
71000 1031848
71000 1050805
71000 730600
71000 779007
71000 749809
71000 1024425
71000 1002278
71000 761301
71000 1015670
71000 891517
71000 707704
71000 929197
71000 798349
71000 800852
71000 862106
71000 799699
71000 800817
71000 814393
71000 855389
71000 948329
71000 847829
71000 964759
71000 859133
71000 839625
71000 888234
71000 802201
71000 824617
71000 795866
71000 934367
71000 708038
71000 924158
71000 951052
71000 848053
71000 881406
71000 748314
71000 799301
71000 795328
71000 837922
71000 876192
71000 706525
71000 829422
71000 771133
71000 696246
71000 761379
71000 844192
71000 761494
71000 849847
71000 837037
71000 766279
72000 797819
72000 1052152
72000 937792
72000 1051140
72000 762127
72000 770232
72000 785612
72000 763839
72000 726065
72000 1098500
72000 778638
72000 886512
72000 752353
72000 909566
72000 852096
72000 820569
72000 740462
72000 791897
72000 960151
72000 794344
72000 916804
72000 833374
72000 778704
72000 852545
72000 826726
72000 732602
72000 922583
72000 991763
72000 975759
72000 732108
72000 746839
72000 777845
72000 1053352
72000 1111533
72000 667438
72000 1045685
72000 1087586
72000 808951
72000 982527
72000 1194722
72000 828920
72000 919494
72000 711891
72000 907444
72000 843850
72000 885713
72000 785010
72000 1041277
72000 852615
72000 731774
73000 886257
73000 828638
73000 833009
73000 850737
73000 961082
73000 806059
73000 753254
73000 974134
73000 944203
73000 821620
73000 708862
73000 781953
73000 894173
73000 828504
73000 1100675
73000 1003535
73000 862152
73000 832892
73000 736579
73000 748848
73000 722254
73000 826817
73000 876619
73000 908015
73000 845914
73000 842078
73000 757500
73000 800732
73000 1263475
73000 768120
73000 796757
73000 855267
73000 795220
73000 792790
73000 866244
73000 920150
73000 813846
73000 927178
73000 819173
73000 877898
73000 908363
73000 810599
73000 953235
73000 961240
73000 846671
73000 998567
73000 992783
73000 806635
73000 746038
73000 789824
74000 862708
74000 819994
74000 1029879
74000 803470
74000 732321
74000 776823
74000 1338541
74000 916708
74000 1030265
74000 937737
74000 807489
74000 740068
74000 768046
74000 1128295
74000 917741
74000 881397
74000 942280
74000 892642
74000 842613
74000 779909
74000 755949
74000 797254
74000 813921
74000 825286
74000 872737
74000 805289
74000 892646
74000 759367
74000 837109
74000 971364
74000 855483
74000 881530
74000 894106
74000 1005626
74000 795824
74000 958966
74000 852274
74000 872897
74000 1199158
74000 834151
74000 996612
74000 907001
74000 810541
74000 785968
74000 851470
74000 840501
74000 1038546
74000 806043
74000 858280
74000 914184
75000 803238
75000 953153
75000 793201
75000 890311
75000 853718
75000 1022435
75000 1163000
75000 904457
75000 909816
75000 901367
75000 857015
75000 760400
75000 875320
75000 872514
75000 864831
75000 935544
75000 829783
75000 875996
75000 862608
75000 804598
75000 1042082
75000 977592
75000 1102206
75000 851955
75000 778245
75000 795813
75000 947227
75000 940727
75000 733896
75000 998461
75000 953694
75000 874491
75000 738574
75000 843796
75000 937363
75000 774733
75000 1051933
75000 919770
75000 826063
75000 947860
75000 937837
75000 774719
75000 926612
75000 835383
75000 981631
75000 934727
75000 949452
75000 989535
75000 848093
75000 882766
76000 791501
76000 1133132
76000 812968
76000 992852
76000 1091661
76000 1145226
76000 971163
76000 822440
76000 844955
76000 943289
76000 815882
76000 816760
76000 1125348
76000 740253
76000 859653
76000 1162428
76000 866164
76000 745742
76000 1000696
76000 1059345
76000 794231
76000 847946
76000 961943
76000 823662
76000 825371
76000 994548
76000 789380
76000 960849
76000 973810
76000 839723
76000 802497
76000 932069
76000 883488
76000 884098
76000 964957
76000 775144
76000 1109174
76000 863934
76000 977394
76000 772260
76000 963322
76000 804052
76000 866984
76000 934126
76000 1103129
76000 851831
76000 1301391
76000 940696
76000 832046
76000 828833
77000 797637
77000 910532
77000 781772
77000 993961
77000 848909
77000 766465
77000 896756
77000 827407
77000 887373
77000 771980
77000 873719
77000 878601
77000 843025
77000 1023307
77000 929158
77000 904589
77000 791814
77000 868209
77000 854154
77000 825080
77000 927689
77000 926210
77000 897364
77000 786921
77000 816702
77000 899983
77000 962020
77000 1054574
77000 797004
77000 905874
77000 867285
77000 955024
77000 1112110
77000 908871
77000 835515
77000 788801
77000 887446
77000 1013006
77000 991681
77000 1136595
77000 817597
77000 917935
77000 938103
77000 895851
77000 805400
77000 939078
77000 941420
77000 836139
77000 802266
77000 906301
78000 864245
78000 970625
78000 853649
78000 988609
78000 837857
78000 853068
78000 868701
78000 865544
78000 954799
78000 875211
78000 900749
78000 1002149
78000 843761
78000 859781
78000 823117
78000 827252
78000 878305
78000 1051519
78000 1031548
78000 999311
78000 930246
78000 828823
78000 1034134
78000 934849
78000 953388
78000 948504
78000 961228
78000 948898
78000 1025001
78000 978244
78000 1043264
78000 824618
78000 889731
78000 923056
78000 883254
78000 937429
78000 918112
78000 956365
78000 925351
78000 854272
78000 908198
78000 983908
78000 1021466
78000 1036073
78000 955571
78000 895533
78000 848274
78000 856630
78000 953036
78000 867085
79000 966669
79000 972026
79000 940728
79000 796086
79000 1085992
79000 838392
79000 982759
79000 804900
79000 1212497
79000 974991
79000 1057756
79000 861965
79000 855361
79000 924162
79000 936470
79000 932868
79000 894327
79000 1182172
79000 862899
79000 959831
79000 872809
79000 845820
79000 974102
79000 897587
79000 883936
79000 843403
79000 803727
79000 1022451
79000 1043259
79000 823277
79000 1049159
79000 1146471
79000 889320
79000 971037
79000 1003110
79000 1249816
79000 873658
79000 814494
79000 877967
79000 825398
79000 1265345
79000 930211
79000 857376
79000 964532
79000 870244
79000 1022974
79000 817452
79000 990301
79000 814782
79000 1116596
80000 1200558
80000 991321
80000 961636
80000 1008572
80000 871660
80000 1007401
80000 967593
80000 954786
80000 997122
80000 985987
80000 909380
80000 897374
80000 950755
80000 985371
80000 1009917
80000 925892
80000 1103695
80000 880470
80000 878312
80000 837839
80000 808031
80000 1000688
80000 873170
80000 1058316
80000 842768
80000 952333
80000 869183
80000 760589
80000 828298
80000 858907
80000 1005351
80000 902673
80000 965771
80000 893526
80000 856605
80000 1036466
80000 1044806
80000 923794
80000 953088
80000 949526
80000 990423
80000 920570
80000 895706
80000 1055136
80000 873447
80000 826875
80000 721000
80000 938860
80000 1274357
80000 1089209
81000 989734
81000 877445
81000 915132
81000 1009299
81000 1000925
81000 974650
81000 909848
81000 1098364
81000 1039356
81000 1021798
81000 941680
81000 848260
81000 994653
81000 1005964
81000 1028966
81000 947541
81000 1222624
81000 908413
81000 940082
81000 961527
81000 1028739
81000 1000893
81000 894897
81000 828620
81000 918806
81000 921426
81000 983486
81000 1071716
81000 875981
81000 1108281
81000 943340
81000 972062
81000 1066849
81000 910504
81000 996147
81000 914429
81000 851562
81000 1253843
81000 792670
81000 930823
81000 960395
81000 869109
81000 1387987
81000 830591
81000 855523
81000 1106315
81000 911098
81000 846738
81000 918310
81000 915537
82000 919552
82000 1164423
82000 1024491
82000 908418
82000 969772
82000 855182
82000 1110771
82000 1074092
82000 902714
82000 964802
82000 1263883
82000 812737
82000 1013278
82000 938345
82000 908750
82000 878882
82000 1149590
82000 934141
82000 828908
82000 879777
82000 1044052
82000 926730
82000 948353
82000 946639
82000 1149882
82000 1039616
82000 1093214
82000 1025436
82000 817938
82000 900584
82000 1027338
82000 914327
82000 1063309
82000 1014901
82000 855377
82000 1027196
82000 1171357
82000 913437
82000 886569
82000 901539
82000 1046705
82000 918110
82000 1406447
82000 1058768
82000 1024703
82000 1145996
82000 985046
82000 1035588
82000 1208667
82000 969363
83000 982664
83000 1030268
83000 1102650
83000 1092607
83000 1081634
83000 853027
83000 973785
83000 993186
83000 949179
83000 948282
83000 921174
83000 915675
83000 934258
83000 907629
83000 1007202
83000 1025050
83000 1159904
83000 1203616
83000 1179239
83000 989796
83000 1036923
83000 1142493
83000 927045
83000 1152007
83000 954591
83000 1051864
83000 871230
83000 1031161
83000 1165204
83000 1004528
83000 852762
83000 916091
83000 1103891
83000 1190350
83000 969632
83000 1017222
83000 931682
83000 903303
83000 922475
83000 975318
83000 947941
83000 1044740
83000 1136533
83000 1170834
83000 1001276
83000 1061535
83000 873075
83000 1007352
83000 1308812
83000 1041822
84000 985821
84000 931382
84000 897455
84000 960464
84000 942897
84000 961339
84000 972601
84000 937321
84000 934964
84000 1076964
84000 988243
84000 954085
84000 1026092
84000 909816
84000 859197
84000 1087428
84000 902158
84000 1016001
84000 890853
84000 962041
84000 970873
84000 966210
84000 1187087
84000 1018838
84000 932724
84000 901216
84000 1217550
84000 892961
84000 1099951
84000 910446
84000 1118313
84000 1141734
84000 1183848
84000 1013385
84000 1114779
84000 1072056
84000 1053432
84000 1142976
84000 1050870
84000 1089630
84000 902466
84000 974707
84000 955757
84000 893493
84000 1238130
84000 853458
84000 1028031
84000 897228
84000 964787
84000 834536
85000 1068846
85000 935907
85000 983219
85000 970381
85000 1220038
85000 1322156
85000 935641
85000 1013552
85000 976228
85000 910916
85000 1037300
85000 1189384
85000 816370
85000 856770
85000 1108613
85000 1161146
85000 967301
85000 894923
85000 1553660
85000 977937
85000 1037135
85000 1408283
85000 1086448
85000 1019948
85000 1014981
85000 1026578
85000 1079863
85000 957022
85000 1114535
85000 1103520
85000 1107379
85000 950212
85000 979778
85000 1179433
85000 1089934
85000 906000
85000 1145499
85000 1044579
85000 1008594
85000 882733
85000 1020866
85000 1070718
85000 976714
85000 867827
85000 975670
85000 1008931
85000 993812
85000 950482
85000 1042817
85000 1024393
86000 1061985
86000 1031304
86000 1103806
86000 1124046
86000 871317
86000 1372218
86000 1278493
86000 949297
86000 1137446
86000 993453
86000 969292
86000 1144508
86000 1065184
86000 1102579
86000 1125801
86000 894170
86000 1004306
86000 918235
86000 1109124
86000 940381
86000 980932
86000 1047197
86000 953279
86000 1078341
86000 1220310
86000 912028
86000 931800
86000 958971
86000 1046678
86000 1050073
86000 1056714
86000 968899
86000 1064296
86000 1334458
86000 953648
86000 1180473
86000 1131003
86000 925009
86000 1152242
86000 985411
86000 921540
86000 1188587
86000 902839
86000 944255
86000 1017302
86000 980158
86000 1013942
86000 1175686
86000 978932
86000 1042949
87000 1143742
87000 1221071
87000 1036665
87000 1043515
87000 1102900
87000 1073018
87000 943815
87000 1010057
87000 1198547
87000 1088946
87000 1041298
87000 857628
87000 1352699
87000 820565
87000 1186224
87000 1048154
87000 1076335
87000 1036007
87000 935243
87000 1115106
87000 916766
87000 961360
87000 932095
87000 874418
87000 1067053
87000 1163921
87000 966247
87000 1083720
87000 999807
87000 1076180
87000 1013007
87000 1306064
87000 1017491
87000 1001092
87000 998521
87000 1085227
87000 1151476
87000 1074223
87000 1263437
87000 1393891
87000 1018179
87000 949678
87000 1058949
87000 956359
87000 976656
87000 1082985
87000 1235658
87000 971181
87000 1029136
87000 897481
88000 975906
88000 885416
88000 1128868
88000 1139958
88000 964575
88000 995193
88000 1185857
88000 942289
88000 944082
88000 1002990
88000 899500
88000 960884
88000 1048385
88000 984914
88000 997055
88000 993563
88000 1379184
88000 946067
88000 1119414
88000 1205076
88000 1082601
88000 988393
88000 1203608
88000 940483
88000 1420319
88000 1048037
88000 1135064
88000 1189865
88000 929327
88000 950305
88000 1087843
88000 1021896
88000 905656
88000 1018400
88000 1074188
88000 1064491
88000 889048
88000 998887
88000 1004959
88000 1044024
88000 1033648
88000 954892
88000 947713
88000 1161464
88000 1071828
88000 1198668
88000 1006545
88000 1210506
88000 1087775
88000 1010863
89000 1108033
89000 1296793
89000 1198768
89000 1049052
89000 1032155
89000 948844
89000 1370731
89000 987435
89000 1158831
89000 1085835
89000 1058593
89000 965774
89000 1045027
89000 1081422
89000 1037585
89000 1102450
89000 980886
89000 1253769
89000 1081208
89000 1005968
89000 933431
89000 1200617
89000 1012576
89000 977176
89000 1027342
89000 1045274
89000 891502
89000 1087378
89000 924571
89000 985790
89000 1117733
89000 1147611
89000 1017359
89000 1149303
89000 1001399
89000 1029198
89000 987512
89000 1188930
89000 934184
89000 1109124
89000 990891
89000 830741
89000 952663
89000 934209
89000 1104974
89000 909183
89000 1012775
89000 1100793
89000 1214374
89000 1075299
90000 1034624
90000 1178875
90000 1089172
90000 1187271
90000 960906
90000 1033240
90000 1070487
90000 1154679
90000 1158969
90000 1139930
90000 1065279
90000 982222
90000 876798
90000 1169582
90000 1064910
90000 1182682
90000 964136
90000 1118196
90000 1060348
90000 902845
90000 1453620
90000 1384520
90000 1126674
90000 1163759
90000 1261758
90000 1452283
90000 1102049
90000 1197208
90000 1117985
90000 970619
90000 1106986
90000 918875
90000 952423
90000 1048858
90000 1172941
90000 1093514
90000 1131656
90000 868561
90000 980876
90000 1150249
90000 994365
90000 1191345
90000 1060979
90000 1093808
90000 961834
90000 1019550
90000 1077375
90000 1128917
90000 1052171
90000 1146179
91000 1045637
91000 1409339
91000 1044741
91000 1078269
91000 1187379
91000 1075639
91000 1035717
91000 1070645
91000 1115161
91000 957480
91000 968086
91000 979090
91000 1237401
91000 1040601
91000 983428
91000 1202693
91000 929740
91000 1110785
91000 1111352
91000 1093959
91000 1063804
91000 1017154
91000 1092827
91000 1055774
91000 1047818
91000 1044674
91000 1116359
91000 1081715
91000 939705
91000 946484
91000 1191926
91000 959334
91000 1013173
91000 1080980
91000 1100584
91000 1311575
91000 996651
91000 925495
91000 1052130
91000 1234434
91000 1090054
91000 893325
91000 946762
91000 948114
91000 1101233
91000 1356132
91000 1110117
91000 932068
91000 1112237
91000 1069382
92000 1134022
92000 1095796
92000 1164526
92000 1180875
92000 1191263
92000 924951
92000 1003937
92000 1110655
92000 1032287
92000 1386791
92000 1053058
92000 1092102
92000 965870
92000 979103
92000 1324336
92000 960549
92000 1042400
92000 961428
92000 1079490
92000 1252932
92000 931680
92000 942501
92000 1054894
92000 1049577
92000 1049585
92000 995547
92000 900065
92000 1089475
92000 1109301
92000 1095142
92000 1042819
92000 1012510
92000 1124019
92000 1034594
92000 986300
92000 983171
92000 1021199
92000 1347547
92000 987968
92000 949479
92000 1208368
92000 1779116
92000 981242
92000 977987
92000 1231869
92000 1230296
92000 1170303
92000 1268347
92000 1008412
92000 1255202
93000 1114637
93000 1115802
93000 1223383
93000 1277955
93000 1378234
93000 1146734
93000 1099532
93000 1056923
93000 1203059
93000 1104432
93000 1165930
93000 1068598
93000 1089385
93000 1154661
93000 1087548
93000 1027408
93000 1051191
93000 1001869
93000 1075319
93000 1182968
93000 1014127
93000 1135924
93000 1046066
93000 1127479
93000 1111193
93000 1221655
93000 1102563
93000 1052750
93000 1026000
93000 1053897
93000 1081546
93000 1293232
93000 1026642
93000 1219011
93000 1313312
93000 1007283
93000 956511
93000 1038894
93000 984866
93000 965734
93000 1063761
93000 1192222
93000 1192634
93000 1542211
93000 1119087
93000 1338036
93000 1129390
93000 1134380
93000 876926
93000 1224720
94000 1099824
94000 1061169
94000 1096091
94000 1228366
94000 1183408
94000 982301
94000 1089318
94000 1326850
94000 1088838
94000 1077744
94000 1120725
94000 1025273
94000 1138478
94000 1078270
94000 1046161
94000 1188614
94000 1256776
94000 1026501
94000 1055473
94000 1211539
94000 1009652
94000 1201673
94000 1071105
94000 1107295
94000 1220885
94000 1158799
94000 1232839
94000 1331178
94000 1203271
94000 1127309
94000 1046558
94000 1144912
94000 1261537
94000 1069725
94000 1159800
94000 1233358
94000 1192233
94000 1188673
94000 1134902
94000 1106450
94000 1558783
94000 1171722
94000 1158006
94000 1076221
94000 1125788
94000 1183704
94000 1168665
94000 1054640
94000 1330018
94000 1159425
95000 1048102
95000 1428513
95000 1087221
95000 1041381
95000 1598838
95000 1340568
95000 1088520
95000 1207508
95000 1176673
95000 1222504
95000 1099650
95000 1344335
95000 985600
95000 1318170
95000 1149947
95000 1076780
95000 1115767
95000 1199231
95000 983335
95000 1247616
95000 1107090
95000 1147253
95000 1041300
95000 996396
95000 1106286
95000 1209516
95000 1000112
95000 1216619
95000 1082679
95000 1085962
95000 1065665
95000 1222383
95000 1154146
95000 1092337
95000 1138757
95000 1159398
95000 1408246
95000 1133032
95000 1000076
95000 1011608
95000 1108558
95000 1561476
95000 1097934
95000 961596
95000 1246332
95000 1132159
95000 989476
95000 1290936
95000 1161294
95000 921718
96000 1125153
96000 1061210
96000 1304394
96000 1179890
96000 1065933
96000 1314037
96000 1406506
96000 1113585
96000 1207506
96000 1234927
96000 1095484
96000 981526
96000 1068180
96000 1038131
96000 1113915
96000 1070632
96000 1089001
96000 1272423
96000 1177680
96000 1016617
96000 1555022
96000 1129785
96000 1040712
96000 1110436
96000 1208307
96000 1431750
96000 1019604
96000 1324405
96000 1006006
96000 1227974
96000 1142120
96000 1127350
96000 1226030
96000 1245046
96000 1147745
96000 1063942
96000 1060297
96000 1058393
96000 1520385
96000 1244439
96000 1112083
96000 1228114
96000 1261469
96000 984618
96000 1163872
96000 1354537
96000 1162525
96000 1070431
96000 1255828
96000 1085897
97000 1396033
97000 968359
97000 1402687
97000 1129991
97000 1192380
97000 1212711
97000 1493364
97000 1191333
97000 1089757
97000 1208341
97000 1158495
97000 1087596
97000 1155899
97000 1195779
97000 1135763
97000 1215350
97000 1118145
97000 1148976
97000 1218479
97000 1261998
97000 1195072
97000 1240348
97000 1139071
97000 1348732
97000 1067457
97000 1006740
97000 1399624
97000 1291236
97000 1218663
97000 1150522
97000 1280486
97000 1007673
97000 1082577
97000 1304714
97000 986828
97000 920931
97000 1009102
97000 1012858
97000 1047087
97000 1298028
97000 1193791
97000 1204603
97000 986347
97000 1260086
97000 1163341
97000 1038478
97000 1086282
97000 1318544
97000 1290917
97000 1077085
98000 1445588
98000 1337192
98000 1046335
98000 1183298
98000 1139754
98000 1199305
98000 1400156
98000 1240806
98000 1217819
98000 1132453
98000 1113265
98000 1133781
98000 1368201
98000 1105300
98000 1299153
98000 1153481
98000 1069378
98000 1143065
98000 1105116
98000 1144218
98000 1118269
98000 1245821
98000 1073618
98000 1179291
98000 1233759
98000 1135913
98000 1144070
98000 1199122
98000 1125380
98000 1053493
98000 1151404
98000 1111393
98000 1023869
98000 1396648
98000 1084880
98000 1079061
98000 1074250
98000 1135867
98000 1068711
98000 1022068
98000 1077713
98000 1207607
98000 1330524
98000 1143818
98000 1004748
98000 1196769
98000 1255458
98000 1133300
98000 1066224
98000 1278464
99000 1029255
99000 1200325
99000 1109396
99000 1143334
99000 1150332
99000 1135449
99000 1169217
99000 1163819
99000 974696
99000 1158978
99000 1120249
99000 1263816
99000 1113168
99000 1082806
99000 1174102
99000 1214412
99000 1158305
99000 1088320
99000 1402141
99000 1168480
99000 1061933
99000 1049943
99000 1104376
99000 1101540
99000 1034443
99000 1115345
99000 1149222
99000 1221044
99000 1208032
99000 1227519
99000 1487427
99000 1182025
99000 1253273
99000 1246669
99000 1106820
99000 1232178
99000 1351357
99000 1095463
99000 1501165
99000 1151546
99000 1302703
99000 1224178
99000 1142219
99000 1327542
99000 1182403
99000 1143162
99000 1157829
99000 1144744
99000 1142412
99000 1114788
100000 1039006
100000 1459762
100000 1074114
100000 1408312
100000 1276582
100000 1729803
100000 1337324
100000 1175688
100000 1667097
100000 1243594
100000 1322366
100000 1138965
100000 1273061
100000 1359137
100000 1074820
100000 1287207
100000 1052192
100000 1065363
100000 1003854
100000 1177152
100000 1063536
100000 1133658
100000 1108723
100000 1180968
100000 1115248
100000 1496672
100000 1112456
100000 1227430
100000 1439135
100000 1134251
100000 1221995
100000 1099294
100000 1150911
100000 1156528
100000 1014196
100000 1188442
100000 1284266
100000 1249524
100000 1194439
100000 1332286
100000 1226692
100000 1183594
100000 1219241
100000 1145371
100000 1287382
100000 1642389
100000 1046061
100000 1302137
100000 1321122
100000 1071427
