1000 11177
1000 17176
1000 11029
1000 9224
1000 8762
1000 9515
1000 10247
1000 9818
1000 9148
1000 9398
1000 11072
1000 11416
1000 9756
1000 10032
1000 8504
1000 10946
1000 10039
1000 8292
1000 11935
1000 10149
1000 10628
1000 7962
1000 9064
1000 11698
1000 8545
1000 9360
1000 7401
1000 8220
1000 11919
1000 10323
1000 9942
1000 10375
1000 10641
1000 9309
1000 7847
1000 8760
1000 10951
1000 9869
1000 14975
1000 10677
1000 7887
1000 8325
1000 7689
1000 10244
1000 9323
1000 8778
1000 10244
1000 8254
1000 10623
1000 8392
2000 20366
2000 18404
2000 19915
2000 22655
2000 28504
2000 19523
2000 22780
2000 17313
2000 19567
2000 21164
2000 20226
2000 22153
2000 22729
2000 26336
2000 21369
2000 17247
2000 22898
2000 21971
2000 23250
2000 28111
2000 27402
2000 25816
2000 24663
2000 21033
2000 21909
2000 23721
2000 23410
2000 18942
2000 19797
2000 21760
2000 22331
2000 16231
2000 21945
2000 24455
2000 18820
2000 25278
2000 23394
2000 20458
2000 19156
2000 22124
2000 22823
2000 23331
2000 23857
2000 22250
2000 25700
2000 31792
2000 24638
2000 23600
2000 18279
2000 21507
3000 35483
3000 37513
3000 36492
3000 29643
3000 30680
3000 31221
3000 29510
3000 32550
3000 33349
3000 32920
3000 40211
3000 33541
3000 28359
3000 34139
3000 34073
3000 35759
3000 31606
3000 37528
3000 36676
3000 34723
3000 27674
3000 31350
3000 28346
3000 32690
3000 29806
3000 37670
3000 33635
3000 29748
3000 30198
3000 30715
3000 32783
3000 40382
3000 36524
3000 38767
3000 45971
3000 32865
3000 35250
3000 37541
3000 30150
3000 28791
3000 29294
3000 28154
3000 41902
3000 27540
3000 26626
3000 29688
3000 34985
3000 31201
3000 40399
3000 40621
4000 44944
4000 40892
4000 40530
4000 51603
4000 42621
4000 44375
4000 52107
4000 38629
4000 50069
4000 45074
4000 42572
4000 50056
4000 42915
4000 49493
4000 48589
4000 45901
4000 41244
4000 40202
4000 42469
4000 41262
4000 49662
4000 41802
4000 43777
4000 51827
4000 39811
4000 40595
4000 41528
4000 40917
4000 47655
4000 41213
4000 43068
4000 43339
4000 48471
4000 45541
4000 45073
4000 41519
4000 44573
4000 52902
4000 44504
4000 50178
4000 58973
4000 63668
4000 47218
4000 34243
4000 51133
4000 46405
4000 41763
4000 47573
4000 47316
4000 36785
5000 67857
5000 58950
5000 64788
5000 59601
5000 67706
5000 58547
5000 51040
5000 52860
5000 58050
5000 52333
5000 45756
5000 66870
5000 60858
5000 61523
5000 69961
5000 63549
5000 48933
5000 58571
5000 48956
5000 69375
5000 58002
5000 59053
5000 55955
5000 60844
5000 62329
5000 56471
5000 50037
5000 55743
5000 49687
5000 54921
5000 54089
5000 50856
5000 56368
5000 58097
5000 52666
5000 55351
5000 53203
5000 54986
5000 60576
5000 61217
5000 49091
5000 59748
5000 56324
5000 89273
5000 52511
5000 62749
5000 54312
5000 58891
5000 54521
5000 61699
6000 59490
6000 63546
6000 75999
6000 62480
6000 71900
6000 63068
6000 62455
6000 70087
6000 71116
6000 63783
6000 78242
6000 69706
6000 73730
6000 71753
6000 70540
6000 65200
6000 75650
6000 92430
6000 64471
6000 72803
6000 71346
6000 88385
6000 57752
6000 67753
6000 60402
6000 73218
6000 72363
6000 78015
6000 57588
6000 72180
6000 69566
6000 66695
6000 86033
6000 58340
6000 72463
6000 72512
6000 87121
6000 79219
6000 71557
6000 92976
6000 66723
6000 60301
6000 85737
6000 76954
6000 81471
6000 78053
6000 67099
6000 64763
6000 61911
6000 72773
7000 92411
7000 100370
7000 107228
7000 80341
7000 87169
7000 87709
7000 77896
7000 77552
7000 89130
7000 84471
7000 80255
7000 74584
7000 84256
7000 83894
7000 105440
7000 80684
7000 77630
7000 85081
7000 95983
7000 113298
7000 76809
7000 81900
7000 75185
7000 77022
7000 92481
7000 84434
7000 74837
7000 96693
7000 94717
7000 92898
7000 91018
7000 71695
7000 65145
7000 99589
7000 80659
7000 107939
7000 91307
7000 86066
7000 91363
7000 82462
7000 92773
7000 93495
7000 83601
7000 80218
7000 74243
7000 95429
7000 80943
7000 74323
7000 86809
7000 92539
8000 99682
8000 88078
8000 132283
8000 90722
8000 87030
8000 90759
8000 106645
8000 101997
8000 91379
8000 89527
8000 86238
8000 97915
8000 96703
8000 122188
8000 90318
8000 99845
8000 103699
8000 94497
8000 92221
8000 83894
8000 97658
8000 120838
8000 88749
8000 92344
8000 105724
8000 94276
8000 87081
8000 104416
8000 101654
8000 103840
8000 86397
8000 108479
8000 85578
8000 103444
8000 82219
8000 104293
8000 109580
8000 105115
8000 92776
8000 105526
8000 120146
8000 90390
8000 84953
8000 85502
8000 84087
8000 103725
8000 99138
8000 95087
8000 93646
8000 76723
9000 104306
9000 126324
9000 96898
9000 105613
9000 117456
9000 116717
9000 98940
9000 104333
9000 99474
9000 118207
9000 126202
9000 94624
9000 97946
9000 118960
9000 98270
9000 100523
9000 103674
9000 102595
9000 118874
9000 117221
9000 119242
9000 120522
9000 95755
9000 109828
9000 137720
9000 112383
9000 111429
9000 104890
9000 120286
9000 94829
9000 113133
9000 103789
9000 106930
9000 100153
9000 124438
9000 102697
9000 101177
9000 108495
9000 107522
9000 112092
9000 112925
9000 116003
9000 114770
9000 101318
9000 104716
9000 104138
9000 103824
9000 115300
9000 117221
9000 122820
10000 114242
10000 152208
10000 114071
10000 107985
10000 122185
10000 154744
10000 130265
10000 132116
10000 107516
10000 117399
10000 114127
10000 124212
10000 118773
10000 110866
10000 129635
10000 124018
10000 106492
10000 151881
10000 135388
10000 124193
10000 119813
10000 128849
10000 115317
10000 129390
10000 146811
10000 123030
10000 145565
10000 110825
10000 114622
10000 118242
10000 115094
10000 113122
10000 119853
10000 111772
10000 123095
10000 116407
10000 127586
10000 98137
10000 124690
10000 124747
10000 123585
10000 105635
10000 116448
10000 115971
10000 122883
10000 131228
10000 110339
10000 140475
10000 108287
10000 130471
11000 124841
11000 125674
11000 136581
11000 132518
11000 140491
11000 131471
11000 161192
11000 124933
11000 129255
11000 135427
11000 139463
11000 128591
11000 132632
11000 145188
11000 140526
11000 132833
11000 170739
11000 142253
11000 139406
11000 128680
11000 136230
11000 146343
11000 132830
11000 112791
11000 149638
11000 118593
11000 128482
11000 135487
11000 147836
11000 154179
11000 125045
11000 135997
11000 141041
11000 132324
11000 140529
11000 130203
11000 145154
11000 200529
11000 126908
11000 120930
11000 145332
11000 139205
11000 126217
11000 133027
11000 172381
11000 164110
11000 170046
11000 136659
11000 143362
11000 162470
12000 141812
12000 156816
12000 168038
12000 146875
12000 128137
12000 193228
12000 120372
12000 138104
12000 147602
12000 169225
12000 152084
12000 145073
12000 148774
12000 120530
12000 135942
12000 144776
12000 179213
12000 146650
12000 171550
12000 139703
12000 143705
12000 158680
12000 149547
12000 145946
12000 136556
12000 157627
12000 170327
12000 124562
12000 186404
12000 145368
12000 178768
12000 153108
12000 151422
12000 155787
12000 150364
12000 183947
12000 160985
12000 174891
12000 126826
12000 165686
12000 152771
12000 126522
12000 141564
12000 149134
12000 145899
12000 154796
12000 166338
12000 145217
12000 135592
12000 147430
13000 151679
13000 156686
13000 174778
13000 172001
13000 184374
13000 138846
13000 132705
13000 165847
13000 139906
13000 161104
13000 210468
13000 144872
13000 176846
13000 148240
13000 147111
13000 158764
13000 164654
13000 162002
13000 154136
13000 156168
13000 167462
13000 154003
13000 149354
13000 154870
13000 159323
13000 149805
13000 141466
13000 209864
13000 149421
13000 178662
13000 146950
13000 145635
13000 173086
13000 174858
13000 152627
13000 190525
13000 170107
13000 206774
13000 196842
13000 191548
13000 157351
13000 138922
13000 153030
13000 154661
13000 155718
13000 155291
13000 153531
13000 195245
13000 169197
13000 165771
14000 154913
14000 159160
14000 184803
14000 173452
14000 148512
14000 218129
14000 173807
14000 203722
14000 161334
14000 190672
14000 180913
14000 157464
14000 173301
14000 176601
14000 169461
14000 219617
14000 201047
14000 190360
14000 178112
14000 182615
14000 206286
14000 179664
14000 171482
14000 158919
14000 217911
14000 149905
14000 167247
14000 170080
14000 187204
14000 150097
14000 214798
14000 157625
14000 170209
14000 161033
14000 157564
14000 161680
14000 183114
14000 161381
14000 171730
14000 176459
14000 169623
14000 180045
14000 189948
14000 264630
14000 185002
14000 188765
14000 217444
14000 218604
14000 190400
14000 163626
15000 168420
15000 176948
15000 190541
15000 165591
15000 202372
15000 240643
15000 180568
15000 207971
15000 167026
15000 215973
15000 175687
15000 168519
15000 232299
15000 196393
15000 193007
15000 187732
15000 190910
15000 229357
15000 194723
15000 182803
15000 199492
15000 189779
15000 195373
15000 190894
15000 209750
15000 172568
15000 177454
15000 156298
15000 183293
15000 188178
15000 217325
15000 166061
15000 175113
15000 202202
15000 152752
15000 171839
15000 205454
15000 219286
15000 226653
15000 175213
15000 187784
15000 193119
15000 165428
15000 196242
15000 211516
15000 231246
15000 180194
15000 195348
15000 167159
15000 211520
16000 208934
16000 180071
16000 182325
16000 249571
16000 224544
16000 181359
16000 206424
16000 217677
16000 204108
16000 179526
16000 168439
16000 278503
16000 277860
16000 191665
16000 218233
16000 220790
16000 247098
16000 192303
16000 236148
16000 170295
16000 206077
16000 188869
16000 182857
16000 201881
16000 196164
16000 239818
16000 203500
16000 192881
16000 213483
16000 223652
16000 231818
16000 196497
16000 198922
16000 221365
16000 221345
16000 241660
16000 187465
16000 188747
16000 219174
16000 209963
16000 180230
16000 219324
16000 186187
16000 248669
16000 196956
16000 183663
16000 176294
16000 221083
16000 181883
16000 187294
17000 234410
17000 226559
17000 259480
17000 194855
17000 219295
17000 241660
17000 183323
17000 187331
17000 203147
17000 173353
17000 213155
17000 219092
17000 200889
17000 211656
17000 231961
17000 212400
17000 228925
17000 214383
17000 208477
17000 199568
17000 252528
17000 237090
17000 198873
17000 208290
17000 216208
17000 238586
17000 195672
17000 209078
17000 213468
17000 249307
17000 191309
17000 207543
17000 204828
17000 218317
17000 203664
17000 262088
17000 216459
17000 222680
17000 223664
17000 193604
17000 254106
17000 216300
17000 235662
17000 189862
17000 193723
17000 202955
17000 224602
17000 225776
17000 203268
17000 227327
18000 250936
18000 244139
18000 221900
18000 219979
18000 243361
18000 217486
18000 330924
18000 233748
18000 233296
18000 207244
18000 206911
18000 230315
18000 208523
18000 258060
18000 223141
18000 238944
18000 202859
18000 229353
18000 213065
18000 203723
18000 213725
18000 230268
18000 228090
18000 215635
18000 281550
18000 246388
18000 255937
18000 220440
18000 222809
18000 213348
18000 265410
18000 237697
18000 221203
18000 238620
18000 225742
18000 238300
18000 369191
18000 267261
18000 229504
18000 262661
18000 229694
18000 219414
18000 330477
18000 246917
18000 231119
18000 205813
18000 232408
18000 231982
18000 218459
18000 240233
19000 307628
19000 242851
19000 303075
19000 314867
19000 241280
19000 227088
19000 226809
19000 249531
19000 278608
19000 237711
19000 300892
19000 228439
19000 231654
19000 267389
19000 280449
19000 248498
19000 234475
19000 265770
19000 265595
19000 254796
19000 232982
19000 196910
19000 249507
19000 250055
19000 243828
19000 265210
19000 227181
19000 270418
19000 242488
19000 259427
19000 264528
19000 223716
19000 239005
19000 228786
19000 229811
19000 225049
19000 274939
19000 270862
19000 251599
19000 237545
19000 252972
19000 214043
19000 230736
19000 245793
19000 255184
19000 267129
19000 307708
19000 289711
19000 236348
19000 257195
20000 249570
20000 321508
20000 269145
20000 293722
20000 276384
20000 276039
20000 361188
20000 229156
20000 253007
20000 281810
20000 273187
20000 237816
20000 248916
20000 237015
20000 251658
20000 217219
20000 256695
20000 248090
20000 234652
20000 210651
20000 270035
20000 269653
20000 353555
20000 284429
20000 229654
20000 265687
20000 253251
20000 259085
20000 227398
20000 266608
20000 237755
20000 315904
20000 257519
20000 216130
20000 276728
20000 274873
20000 286489
20000 277719
20000 244654
20000 250768
20000 257134
20000 261802
20000 259139
20000 246117
20000 283773
20000 234391
20000 254071
20000 226050
20000 271031
20000 282939
21000 253292
21000 253102
21000 296977
21000 295008
21000 267210
21000 283610
21000 261253
21000 260486
21000 273326
21000 267752
21000 275699
21000 282591
21000 317503
21000 287207
21000 275378
21000 263492
21000 275699
21000 283547
21000 251601
21000 244706
21000 302550
21000 247221
21000 291180
21000 276751
21000 267575
21000 278498
21000 281432
21000 283421
21000 249340
21000 325721
21000 259502
21000 297343
21000 380910
21000 247797
21000 323158
21000 270339
21000 260534
21000 247456
21000 270942
21000 254157
21000 237054
21000 257437
21000 275522
21000 347696
21000 308730
21000 249214
21000 254245
21000 261612
21000 251348
21000 329930
22000 278999
22000 287218
22000 350931
22000 318332
22000 283553
22000 265943
22000 300676
22000 264269
22000 280464
22000 252054
22000 304907
22000 264217
22000 275744
22000 253077
22000 263568
22000 286029
22000 272068
22000 309719
22000 303118
22000 299201
22000 254831
22000 268081
22000 352023
22000 306816
22000 295197
22000 339167
22000 252059
22000 318001
22000 254704
22000 259915
22000 313670
22000 300508
22000 283976
22000 283396
22000 274667
22000 277508
22000 286954
22000 259371
22000 259213
22000 323440
22000 279609
22000 313343
22000 296340
22000 269817
22000 343588
22000 287837
22000 265794
22000 265169
22000 322770
22000 283015
23000 324494
23000 272340
23000 285929
23000 314400
23000 349430
23000 283355
23000 271487
23000 274968
23000 329823
23000 289834
23000 269330
23000 319220
23000 336037
23000 292845
23000 266667
23000 320191
23000 285567
23000 304003
23000 302459
23000 298634
23000 327313
23000 316436
23000 338674
23000 290910
23000 343325
23000 308256
23000 416336
23000 288170
23000 306072
23000 262429
23000 306444
23000 326072
23000 282859
23000 299184
23000 280288
23000 309151
23000 339526
23000 288102
23000 277289
23000 380487
23000 282557
23000 267749
23000 284208
23000 245932
23000 363066
23000 301799
23000 313146
23000 259297
23000 312456
23000 291792
24000 270981
24000 306248
24000 369574
24000 345665
24000 296812
24000 352729
24000 280336
24000 295974
24000 382891
24000 278934
24000 287426
24000 273318
24000 274668
24000 307019
24000 284283
24000 332460
24000 323275
24000 336768
24000 319599
24000 323124
24000 336921
24000 294705
24000 298593
24000 304458
24000 284505
24000 328400
24000 304707
24000 333908
24000 295818
24000 375120
24000 331005
24000 264475
24000 298444
24000 277936
24000 317677
24000 339528
24000 334884
24000 288069
24000 296818
24000 322522
24000 364121
24000 339604
24000 289576
24000 392659
24000 343809
24000 331834
24000 313495
24000 304283
24000 304197
24000 312201
25000 377711
25000 334326
25000 345939
25000 365113
25000 339595
25000 310616
25000 317264
25000 298867
25000 331918
25000 362315
25000 276327
25000 339039
25000 319329
25000 318060
25000 392347
25000 285641
25000 370344
25000 322848
25000 319884
25000 339925
25000 328243
25000 377235
25000 307921
25000 353245
25000 357077
25000 371208
25000 307242
25000 328106
25000 302652
25000 330044
25000 349995
25000 327691
25000 267343
25000 305139
25000 375300
25000 385376
25000 464090
25000 383865
25000 306080
25000 307367
25000 307758
25000 290209
25000 373229
25000 374706
25000 435533
25000 416170
25000 274221
25000 339465
25000 346842
25000 339779
26000 323851
26000 325500
26000 368563
26000 346830
26000 399495
26000 347170
26000 352585
26000 305615
26000 313098
26000 345338
26000 338015
26000 332813
26000 356732
26000 428182
26000 334314
26000 461586
26000 346575
26000 389803
26000 297553
26000 364434
26000 332065
26000 290083
26000 338319
26000 393739
26000 345259
26000 291681
26000 412072
26000 370230
26000 330901
26000 362294
26000 381625
26000 420275
26000 361262
26000 386613
26000 324439
26000 318925
26000 306405
26000 304834
26000 303705
26000 304091
26000 346214
26000 384413
26000 331647
26000 326072
26000 392312
26000 329065
26000 326760
26000 477763
26000 313139
26000 363903
27000 329492
27000 310417
27000 360970
27000 341341
27000 336021
27000 319574
27000 379254
27000 385165
27000 345473
27000 329403
27000 396050
27000 315457
27000 421639
27000 333870
27000 345008
27000 460130
27000 353826
27000 334271
27000 331258
27000 335930
27000 416763
27000 372407
27000 325255
27000 349420
27000 363997
27000 322457
27000 312022
27000 407343
27000 372826
27000 318934
27000 347849
27000 328418
27000 357235
27000 352827
27000 331347
27000 331550
27000 441769
27000 375345
27000 350321
27000 398215
27000 334340
27000 370114
27000 362878
27000 363981
27000 326272
27000 366581
27000 343279
27000 307505
27000 350712
27000 441247
28000 378668
28000 386413
28000 350045
28000 364144
28000 364397
28000 399229
28000 424990
28000 404726
28000 334220
28000 368618
28000 336528
28000 399431
28000 353735
28000 372430
28000 500245
28000 398124
28000 403460
28000 383275
28000 348977
28000 411661
28000 354161
28000 359731
28000 375337
28000 370187
28000 372027
28000 359071
28000 353648
28000 356283
28000 366856
28000 347238
28000 332644
28000 394157
28000 344414
28000 339492
28000 348062
28000 341686
28000 371843
28000 343023
28000 385054
28000 323096
28000 344573
28000 336330
28000 365148
28000 376677
28000 383967
28000 355699
28000 412323
28000 330046
28000 495038
28000 415513
29000 378810
29000 354804
29000 342762
29000 403106
29000 447427
29000 372202
29000 415664
29000 445914
29000 424035
29000 415226
29000 372535
29000 394295
29000 394349
29000 369497
29000 369752
29000 389888
29000 382781
29000 415535
29000 476272
29000 367794
29000 457634
29000 401134
29000 371986
29000 447949
29000 423712
29000 396879
29000 398399
29000 354403
29000 354884
29000 424590
29000 349439
29000 380684
29000 391863
29000 412418
29000 369329
29000 384205
29000 389013
29000 462669
29000 402572
29000 388757
29000 385595
29000 382434
29000 428602
29000 350510
29000 415966
29000 404875
29000 396864
29000 338616
29000 403930
29000 397605
30000 433838
30000 413079
30000 353492
30000 358285
30000 427791
30000 450028
30000 385756
30000 404695
30000 402044
30000 399712
30000 442355
30000 432263
30000 365384
30000 376665
30000 361150
30000 365705
30000 384797
30000 412405
30000 417998
30000 339228
30000 416912
30000 352142
30000 430090
30000 402864
30000 373557
30000 452202
30000 412186
30000 468103
30000 423056
30000 358695
30000 381540
30000 401610
30000 471467
30000 443617
30000 444644
30000 449740
30000 575104
30000 391216
30000 445132
30000 350443
30000 462340
30000 406641
30000 383330
30000 409574
30000 388582
30000 383104
30000 381986
30000 489229
30000 381160
30000 375462
31000 459478
31000 479841
31000 456707
31000 433911
31000 393781
31000 440419
31000 440282
31000 408892
31000 425939
31000 433355
31000 427205
31000 420136
31000 387258
31000 412287
31000 411412
31000 377270
31000 360064
31000 421362
31000 381845
31000 387583
31000 543597
31000 366116
31000 434377
31000 425938
31000 405167
31000 430330
31000 525298
31000 604027
31000 390771
31000 447482
31000 434416
31000 489553
31000 559870
31000 396627
31000 425271
31000 455006
31000 423302
31000 346336
31000 448731
31000 373376
31000 480399
31000 444470
31000 443197
31000 356721
31000 372411
31000 421564
31000 445217
31000 509530
31000 456206
31000 407317
32000 463142
32000 464747
32000 380129
32000 452335
32000 489420
32000 423487
32000 496454
32000 404333
32000 380237
32000 438720
32000 392353
32000 419385
32000 503058
32000 406186
32000 528666
32000 457740
32000 438278
32000 380953
32000 450271
32000 421174
32000 488342
32000 407301
32000 470693
32000 412855
32000 480414
32000 413451
32000 443068
32000 420284
32000 484002
32000 409323
32000 380597
32000 439014
32000 419313
32000 412092
32000 380243
32000 451556
32000 441286
32000 441641
32000 417836
32000 399475
32000 524017
32000 393410
32000 409839
32000 440830
32000 417181
32000 413441
32000 409721
32000 441198
32000 396740
32000 453668
33000 439613
33000 374964
33000 506877
33000 438810
33000 436633
33000 426220
33000 483833
33000 372306
33000 546842
33000 393926
33000 465953
33000 451602
33000 467767
33000 577477
33000 474646
33000 499631
33000 435012
33000 444359
33000 484724
33000 560053
33000 527732
33000 506111
33000 452689
33000 416623
33000 425952
33000 395683
33000 386465
33000 423096
33000 431482
33000 389985
33000 411140
33000 478658
33000 464524
33000 409331
33000 476216
33000 517174
33000 443046
33000 431091
33000 464014
33000 417957
33000 434284
33000 396443
33000 382477
33000 418286
33000 377371
33000 567882
33000 445122
33000 471941
33000 456415
33000 442910
34000 454240
34000 485722
34000 413276
34000 437264
34000 414201
34000 437448
34000 465032
34000 519658
34000 453119
34000 435696
34000 426915
34000 450679
34000 498623
34000 464066
34000 554304
34000 488743
34000 459443
34000 444892
34000 440724
34000 473518
34000 497452
34000 456733
34000 505978
34000 448353
34000 477137
34000 512333
34000 488631
34000 424846
34000 514061
34000 510973
34000 407394
34000 423734
34000 426808
34000 494730
34000 458816
34000 508235
34000 473780
34000 461878
34000 429729
34000 410823
34000 437159
34000 399738
34000 483639
34000 485325
34000 485010
34000 498863
34000 393064
34000 387392
34000 474701
34000 435051
35000 458606
35000 460870
35000 503686
35000 437476
35000 465505
35000 456613
35000 465427
35000 423194
35000 545479
35000 473409
35000 466530
35000 500304
35000 516617
35000 517714
35000 488175
35000 485475
35000 453232
35000 519685
35000 525297
35000 490567
35000 473287
35000 519688
35000 467340
35000 459738
35000 480433
35000 451512
35000 446407
35000 485069
35000 543992
35000 445864
35000 464489
35000 453908
35000 421651
35000 467748
35000 501474
35000 446612
35000 471757
35000 420546
35000 457402
35000 494931
35000 461594
35000 414923
35000 438716
35000 418855
35000 422485
35000 430401
35000 465319
35000 476703
35000 461425
35000 501823
36000 464789
36000 438139
36000 504524
36000 494179
36000 453103
36000 452540
36000 471060
36000 493471
36000 560063
36000 469093
36000 498568
36000 533569
36000 490993
36000 445528
36000 423176
36000 458951
36000 439506
36000 481528
36000 528098
36000 488133
36000 552830
36000 507989
36000 614307
36000 452451
36000 441937
36000 530257
36000 475723
36000 578523
36000 501615
36000 582318
36000 664335
36000 472274
36000 548460
36000 441710
36000 469442
36000 495631
36000 480266
36000 537048
36000 494327
36000 484562
36000 387862
36000 516224
36000 467501
36000 497222
36000 546805
36000 477364
36000 481677
36000 510954
36000 522183
36000 482536
37000 446586
37000 488307
37000 498237
37000 576412
37000 542588
37000 469624
37000 526608
37000 507019
37000 561272
37000 520599
37000 519519
37000 502607
37000 471242
37000 422086
37000 527958
37000 604120
37000 439016
37000 562538
37000 517149
37000 526423
37000 463412
37000 582645
37000 500979
37000 520224
37000 462196
37000 480416
37000 470007
37000 513036
37000 468419
37000 452059
37000 456037
37000 566077
37000 444374
37000 482692
37000 524844
37000 510404
37000 546824
37000 475431
37000 555608
37000 493393
37000 450257
37000 460331
37000 522890
37000 461392
37000 511644
37000 480787
37000 492863
37000 512530
37000 463759
37000 539786
38000 541469
38000 549234
38000 493226
38000 453068
38000 494447
38000 637105
38000 616414
38000 482495
38000 512898
38000 517262
38000 555657
38000 526726
38000 587429
38000 512003
38000 503990
38000 497574
38000 465704
38000 472606
38000 547721
38000 496559
38000 506140
38000 569172
38000 493942
38000 547465
38000 482881
38000 497078
38000 562351
38000 486899
38000 540441
38000 586275
38000 691143
38000 555219
38000 535197
38000 491243
38000 533023
38000 567020
38000 554712
38000 520184
38000 537729
38000 566787
38000 528657
38000 509499
38000 509095
38000 610534
38000 489540
38000 508428
38000 542892
38000 551909
38000 522741
38000 485629
39000 587922
39000 529365
39000 624875
39000 464125
39000 497498
39000 599442
39000 609770
39000 529931
39000 550823
39000 545554
39000 514637
39000 576377
39000 518429
39000 589689
39000 557233
39000 636576
39000 476777
39000 489104
39000 480956
39000 522821
39000 584654
39000 558613
39000 513215
39000 557412
39000 481158
39000 539887
39000 648308
39000 514552
39000 527634
39000 494979
39000 541075
39000 601470
39000 625420
39000 445684
39000 518453
39000 605771
39000 459217
39000 507813
39000 560779
39000 777944
39000 749372
39000 595481
39000 511442
39000 496754
39000 462132
39000 497779
39000 641117
39000 501812
39000 537041
39000 515688
40000 549806
40000 520393
40000 549930
40000 525913
40000 490812
40000 602939
40000 737704
40000 466080
40000 520427
40000 531456
40000 474405
40000 541088
40000 620335
40000 547690
40000 598142
40000 612009
40000 523864
40000 590884
40000 586587
40000 543946
40000 523406
40000 549534
40000 557962
40000 602271
40000 571227
40000 599947
40000 546327
40000 499079
40000 508208
40000 694301
40000 509100
40000 641174
40000 535964
40000 499706
40000 489243
40000 553027
40000 579252
40000 555955
40000 530836
40000 597366
40000 597853
40000 553693
40000 556817
40000 566587
40000 515901
40000 536948
40000 521447
40000 574776
40000 558535
40000 520191
41000 539352
41000 513428
41000 562108
41000 523878
41000 584699
41000 651405
41000 525136
41000 612493
41000 528520
41000 543019
41000 523327
41000 555112
41000 643276
41000 509690
41000 512307
41000 541616
41000 739909
41000 481626
41000 595568
41000 557131
41000 635015
41000 498747
41000 560811
41000 575579
41000 592763
41000 551297
41000 605304
41000 593549
41000 592440
41000 516280
41000 670352
41000 562138
41000 525248
41000 548697
41000 710224
41000 588265
41000 688236
41000 531330
41000 578870
41000 576486
41000 545948
41000 625378
41000 544048
41000 573364
41000 699257
41000 590363
41000 603590
41000 514467
41000 689777
41000 545155
42000 659537
42000 658260
42000 560890
42000 562141
42000 529002
42000 650093
42000 533484
42000 608635
42000 586453
42000 555738
42000 551021
42000 496032
42000 646499
42000 604929
42000 558355
42000 673565
42000 615255
42000 643842
42000 583286
42000 591345
42000 506267
42000 578633
42000 537710
42000 525808
42000 568253
42000 509968
42000 538918
42000 595860
42000 624418
42000 599188
42000 514365
42000 567395
42000 604006
42000 652104
42000 608639
42000 632920
42000 526330
42000 551231
42000 586688
42000 521193
42000 593457
42000 519810
42000 602372
42000 530713
42000 671177
42000 625732
42000 502597
42000 534751
42000 652459
42000 600742
43000 571936
43000 596735
43000 507392
43000 579507
43000 525863
43000 593530
43000 537389
43000 524410
43000 579748
43000 659908
43000 537337
43000 590835
43000 554324
43000 637610
43000 600609
43000 585865
43000 519496
43000 646807
43000 762078
43000 641066
43000 588383
43000 545852
43000 536151
43000 671341
43000 649155
43000 546414
43000 619596
43000 739582
43000 528833
43000 546518
43000 556694
43000 588727
43000 575596
43000 538810
43000 588892
43000 626559
43000 643522
43000 526579
43000 530670
43000 644481
43000 505951
43000 555960
43000 629705
43000 574538
43000 591783
43000 585589
43000 539368
43000 645516
43000 534750
43000 544565
44000 660751
44000 573391
44000 691927
44000 595833
44000 514908
44000 596158
44000 579533
44000 642765
44000 658619
44000 608266
44000 615723
44000 543170
44000 646266
44000 685910
44000 550881
44000 742229
44000 593354
44000 770064
44000 624247
44000 596497
44000 675235
44000 517004
44000 666684
44000 619833
44000 692789
44000 518301
44000 544058
44000 619058
44000 587493
44000 546158
44000 542643
44000 567010
44000 544738
44000 626664
44000 528799
44000 641141
44000 526638
44000 521055
44000 551018
44000 555655
44000 565362
44000 669441
44000 629316
44000 591214
44000 645646
44000 556380
44000 689574
44000 694976
44000 593617
44000 595001
45000 592534
45000 576717
45000 652051
45000 641692
45000 800221
45000 616298
45000 603071
45000 592440
45000 603228
45000 688366
45000 574476
45000 568928
45000 553387
45000 522328
45000 573705
45000 562833
45000 669491
45000 673175
45000 656205
45000 753061
45000 671638
45000 537910
45000 844759
45000 662315
45000 633169
45000 622811
45000 570809
45000 580796
45000 672973
45000 700091
45000 651295
45000 654822
45000 606420
45000 610690
45000 662210
45000 637539
45000 601270
45000 570728
45000 655717
45000 606027
45000 586079
45000 560511
45000 616737
45000 585597
45000 554460
45000 617933
45000 596303
45000 579718
45000 746423
45000 588722
46000 597968
46000 648410
46000 665952
46000 635245
46000 705986
46000 667164
46000 659864
46000 740479
46000 607750
46000 573528
46000 553306
46000 620666
46000 657113
46000 583482
46000 600681
46000 624368
46000 598239
46000 574115
46000 618267
46000 664484
46000 577858
46000 627078
46000 638061
46000 577933
46000 618745
46000 797206
46000 645922
46000 563389
46000 598974
46000 660560
46000 637869
46000 704755
46000 602334
46000 599685
46000 611778
46000 564755
46000 538169
46000 576934
46000 665840
46000 728150
46000 583803
46000 666916
46000 588075
46000 628940
46000 633540
46000 560834
46000 608122
46000 545987
46000 592457
46000 560931
47000 645801
47000 582473
47000 599374
47000 703428
47000 672458
47000 736593
47000 717980
47000 771588
47000 643830
47000 639088
47000 657850
47000 639416
47000 659418
47000 663163
47000 623352
47000 778177
47000 664502
47000 580774
47000 609600
47000 598583
47000 620868
47000 672460
47000 671446
47000 655958
47000 613491
47000 544691
47000 581677
47000 673964
47000 601951
47000 661309
47000 706775
47000 598441
47000 737808
47000 617176
47000 677825
47000 667282
47000 641456
47000 593665
47000 583272
47000 691122
47000 705141
47000 666511
47000 691096
47000 729049
47000 720516
47000 727095
47000 627821
47000 593305
47000 649513
47000 638310
48000 671797
48000 611688
48000 617891
48000 671628
48000 715874
48000 846956
48000 707631
48000 584476
48000 739593
48000 672820
48000 646287
48000 633321
48000 728452
48000 771721
48000 730756
48000 725159
48000 651738
48000 638484
48000 760696
48000 578288
48000 631553
48000 730892
48000 723046
48000 724469
48000 616912
48000 719498
48000 582789
48000 638155
48000 716313
48000 677661
48000 777644
48000 625707
48000 640429
48000 646219
48000 605782
48000 679514
48000 612013
48000 840701
48000 682709
48000 661146
48000 634323
48000 758564
48000 665609
48000 742570
48000 710544
48000 768932
48000 651106
48000 596245
48000 667868
48000 807367
49000 642973
49000 671335
49000 646998
49000 626944
49000 689839
49000 769740
49000 659078
49000 765580
49000 653312
49000 677839
49000 615393
49000 692815
49000 859702
49000 667236
49000 768952
49000 701427
49000 743220
49000 664280
49000 698394
49000 651861
49000 666974
49000 789302
49000 663022
49000 805822
49000 870978
49000 650704
49000 728441
49000 640380
49000 623881
49000 617619
49000 795075
49000 628824
49000 806377
49000 808055
49000 610422
49000 652827
49000 753262
49000 605139
49000 605038
49000 658796
49000 630687
49000 722036
49000 648577
49000 779417
49000 643524
49000 681535
49000 613090
49000 669099
49000 640358
49000 624385
50000 655124
50000 881999
50000 765959
50000 837782
50000 917456
50000 713650
50000 694358
50000 676618
50000 666276
50000 721107
50000 680825
50000 764964
50000 771143
50000 808863
50000 707392
50000 686422
50000 656909
50000 645530
50000 653670
50000 873417
50000 752392
50000 695501
50000 649814
50000 732267
50000 719263
50000 636344
50000 650053
50000 686115
50000 748364
50000 721485
50000 755760
50000 728246
50000 679145
50000 666889
50000 621981
50000 772459
50000 640924
50000 694624
50000 693662
50000 763983
50000 611104
50000 721226
50000 746336
50000 771758
50000 774406
50000 632416
50000 895173
50000 689980
50000 629855
50000 654816
51000 800229
51000 692795
51000 747276
51000 748370
51000 755697
51000 850178
51000 721346
51000 780197
51000 710587
51000 781161
51000 819689
51000 748959
51000 748150
51000 663432
51000 649774
51000 858713
51000 659194
51000 789635
51000 618491
51000 716684
51000 852428
51000 737972
51000 621964
51000 641589
51000 658834
51000 1010178
51000 737751
51000 718353
51000 695669
51000 732126
51000 650277
51000 790641
51000 789226
51000 627170
51000 790417
51000 646987
51000 707066
51000 761739
51000 683353
51000 769043
51000 726087
51000 775118
51000 754544
51000 914394
51000 711863
51000 679102
51000 644135
51000 817528
51000 688771
51000 684338
52000 730124
52000 742632
52000 712730
52000 746485
52000 740511
52000 742947
52000 669659
52000 693150
52000 673716
52000 752753
52000 769024
52000 752447
52000 709889
52000 795410
52000 717966
52000 796201
52000 721725
52000 768387
52000 732987
52000 709566
52000 790711
52000 720180
52000 686860
52000 716881
52000 728796
52000 685960
52000 756424
52000 709654
52000 671512
52000 695054
52000 707191
52000 761284
52000 794651
52000 700460
52000 776142
52000 626592
52000 767138
52000 704555
52000 658672
52000 760968
52000 698313
52000 666289
52000 659033
52000 799974
52000 802772
52000 729898
52000 694524
52000 582803
52000 668344
52000 875750
53000 1049183
53000 696743
53000 681574
53000 706736
53000 685612
53000 800896
53000 684719
53000 683549
53000 723041
53000 694719
53000 742048
53000 736158
53000 788583
53000 1104824
53000 696718
53000 640784
53000 639044
53000 667853
53000 749645
53000 622794
53000 674152
53000 876922
53000 690599
53000 689946
53000 822561
53000 685670
53000 690713
53000 721644
53000 656193
53000 753526
53000 790063
53000 719979
53000 710556
53000 728152
53000 684247
53000 703783
53000 815957
53000 763972
53000 780147
53000 696513
53000 780615
53000 793249
53000 771687
53000 750447
53000 940941
53000 646509
53000 649938
53000 865059
53000 813420
53000 710613
54000 921137
54000 725474
54000 735456
54000 712892
54000 803083
54000 811194
54000 834219
54000 735784
54000 750112
54000 795581
54000 935339
54000 771722
54000 695125
54000 724848
54000 693260
54000 825579
54000 681999
54000 704132
54000 739434
54000 753095
54000 653809
54000 734557
54000 691241
54000 757155
54000 865106
54000 876648
54000 753594
54000 823005
54000 694290
54000 744405
54000 671527
54000 972613
54000 719127
54000 905149
54000 831043
54000 765747
54000 749895
54000 839881
54000 821541
54000 728897
54000 683034
54000 747733
54000 711584
54000 744870
54000 761512
54000 861064
54000 748245
54000 746688
54000 687706
54000 730484
55000 816517
55000 661405
55000 740133
55000 808415
55000 795366
55000 856083
55000 692079
55000 685836
55000 917526
55000 735683
55000 647912
55000 749134
55000 801451
55000 792764
55000 744761
55000 744742
55000 765648
55000 861367
55000 709709
55000 747651
55000 751447
55000 712210
55000 892806
55000 722440
55000 714815
55000 677115
55000 759561
55000 873363
55000 743761
55000 902096
55000 772618
55000 714606
55000 766132
55000 839757
55000 795873
55000 790516
55000 827887
55000 921486
55000 728838
55000 872141
55000 937893
55000 789684
55000 725313
55000 751729
55000 747556
55000 738558
55000 731534
55000 678556
55000 681268
55000 685177
56000 715034
56000 770071
56000 803665
56000 735515
56000 679714
56000 825600
56000 698928
56000 791320
56000 757881
56000 759067
56000 803413
56000 788430
56000 711904
56000 754339
56000 761960
56000 882653
56000 680671
56000 771612
56000 690108
56000 703975
56000 696282
56000 808264
56000 749438
56000 741855
56000 784466
56000 868901
56000 789509
56000 864503
56000 827079
56000 753203
56000 900437
56000 936516
56000 755337
56000 769141
56000 775967
56000 800875
56000 781399
56000 681303
56000 731884
56000 823956
56000 955670
56000 757133
56000 855325
56000 706548
56000 766582
56000 705222
56000 773862
56000 741329
56000 856485
56000 771760
57000 892469
57000 957502
57000 846463
57000 765115
57000 783800
57000 862344
57000 874555
57000 823177
57000 743793
57000 764592
57000 907673
57000 787847
57000 874247
57000 736014
57000 688282
57000 757246
57000 745345
57000 720052
57000 832360
57000 889869
57000 749165
57000 840530
57000 804009
57000 759454
57000 781652
57000 855681
57000 752592
57000 1061530
57000 728264
57000 752128
57000 873572
57000 770462
57000 919895
57000 791008
57000 972906
57000 744697
57000 875833
57000 1029605
57000 698863
57000 803144
57000 663873
57000 885153
57000 998259
57000 696704
57000 770885
57000 900443
57000 801819
57000 846296
57000 779402
57000 851148
58000 946318
58000 793567
58000 830221
58000 760615
58000 860883
58000 785368
58000 769689
58000 1063303
58000 787852
58000 821203
58000 861937
58000 787546
58000 802251
58000 880719
58000 809933
58000 905321
58000 833815
58000 815324
58000 1033696
58000 696984
58000 728070
58000 811369
58000 702203
58000 731238
58000 743362
58000 763376
58000 835111
58000 771480
58000 883217
58000 858301
58000 829018
58000 810423
58000 715259
58000 723444
58000 869457
58000 813074
58000 748061
58000 806092
58000 905567
58000 736161
58000 939931
58000 765500
58000 887733
58000 871109
58000 862113
58000 779600
58000 719275
58000 764804
58000 1002659
58000 752466
59000 787849
59000 874316
59000 739814
59000 739868
59000 776205
59000 897075
59000 862809
59000 820458
59000 773745
59000 737261
59000 849850
59000 796483
59000 750724
59000 828245
59000 765229
59000 773512
59000 819473
59000 716305
59000 980154
59000 837156
59000 893680
59000 882090
59000 887123
59000 742428
59000 868574
59000 889623
59000 744792
59000 905697
59000 993282
59000 865507
59000 917268
59000 845711
59000 748860
59000 879195
59000 728592
59000 797679
59000 778116
59000 728029
59000 763347
59000 809059
59000 935961
59000 775330
59000 831018
59000 811451
59000 782215
59000 838871
59000 828680
59000 962257
59000 772218
59000 857361
60000 930458
60000 863660
60000 818421
60000 893746
60000 748676
60000 773671
60000 925923
60000 764824
60000 791218
60000 856875
60000 954560
60000 938144
60000 887545
60000 946506
60000 849665
60000 753650
60000 890653
60000 818507
60000 901891
60000 814762
60000 813118
60000 907179
60000 981512
60000 763450
60000 865716
60000 853180
60000 847783
60000 749740
60000 995019
60000 859401
60000 894612
60000 765283
60000 776474
60000 845853
60000 732621
60000 755235
60000 1107386
60000 944681
60000 887112
60000 838639
60000 946838
60000 924538
60000 1208502
60000 898455
60000 795796
60000 921882
60000 798297
60000 1004075
60000 863149
60000 865463
61000 835892
61000 907118
61000 792237
61000 902808
61000 784704
61000 869964
61000 822291
61000 794723
61000 856068
61000 824938
61000 855044
61000 967910
61000 941070
61000 798376
61000 875488
61000 782319
61000 886785
61000 848332
61000 767852
61000 880332
61000 802208
61000 845620
61000 907472
61000 866975
61000 829606
61000 996158
61000 853297
61000 778212
61000 828298
61000 860984
61000 876465
61000 853048
61000 815136
61000 850891
61000 838259
61000 1031204
61000 890677
61000 918415
61000 935466
61000 959999
61000 1043590
61000 841971
61000 923389
61000 778424
61000 901563
61000 853880
61000 852880
61000 744595
61000 787068
61000 858507
62000 807021
62000 842157
62000 859854
62000 823270
62000 785028
62000 907526
62000 888712
62000 881622
62000 822485
62000 966183
62000 948530
62000 1042901
62000 998299
62000 881131
62000 936601
62000 922104
62000 840606
62000 987591
62000 827828
62000 869863
62000 1103244
62000 798022
62000 835799
62000 923534
62000 827534
62000 866271
62000 968376
62000 844281
62000 789852
62000 1260473
62000 867913
62000 886099
62000 909460
62000 987208
62000 1010702
62000 832924
62000 783482
62000 859003
62000 837587
62000 877399
62000 792893
62000 817412
62000 848171
62000 976133
62000 915066
62000 802557
62000 863245
62000 1123581
62000 831454
62000 945746
63000 965608
63000 890067
63000 828980
63000 864415
63000 1055131
63000 990743
63000 818629
63000 953502
63000 772845
63000 929197
63000 872861
63000 987092
63000 991420
63000 842344
63000 816478
63000 802981
63000 870038
63000 872719
63000 852076
63000 842543
63000 853483
63000 865461
63000 864388
63000 930395
63000 1174211
63000 785247
63000 885806
63000 894659
63000 945847
63000 851434
63000 791433
63000 939964
63000 963509
63000 867011
63000 896347
63000 988949
63000 825935
63000 817355
63000 852315
63000 1009972
63000 856039
63000 827639
63000 871871
63000 797528
63000 791045
63000 884375
63000 1031673
63000 931414
63000 787454
63000 965599
64000 843511
64000 878546
64000 955987
64000 1042304
64000 903785
64000 988767
64000 940580
64000 958364
64000 971287
64000 862067
64000 966095
64000 824850
64000 1096908
64000 963036
64000 837777
64000 899656
64000 804710
64000 913400
64000 768744
64000 804164
64000 821243
64000 930515
64000 981058
64000 1030776
64000 944538
64000 872387
64000 987738
64000 922943
64000 925319
64000 842395
64000 838866
64000 921850
64000 938647
64000 904695
64000 1035047
64000 889550
64000 893021
64000 837901
64000 914915
64000 909617
64000 948585
64000 1015939
64000 842045
64000 996581
64000 928303
64000 880284
64000 930521
64000 913780
64000 1009566
64000 845895
65000 818261
65000 1063277
65000 934190
65000 934448
65000 1069541
65000 1064294
65000 921663
65000 1199346
65000 858414
65000 839585
65000 971644
65000 910884
65000 901317
65000 831961
65000 907360
65000 1062162
65000 987521
65000 900305
65000 899518
65000 934156
65000 880608
65000 844629
65000 813905
65000 987842
65000 923614
65000 870988
65000 871960
65000 866230
65000 1087012
65000 881777
65000 906840
65000 910237
65000 919036
65000 837055
65000 993656
65000 885417
65000 1072179
65000 923158
65000 815525
65000 1015254
65000 1023912
65000 1099753
65000 933852
65000 973733
65000 842852
65000 961836
65000 874666
65000 866441
65000 856415
65000 871378
66000 810644
66000 1061318
66000 1041601
66000 893961
66000 1089600
66000 1050400
66000 1046715
66000 912995
66000 880452
66000 911447
66000 944095
66000 957317
66000 1033927
66000 928114
66000 991093
66000 1019039
66000 926446
66000 894520
66000 945310
66000 996973
66000 804077
66000 956878
66000 955510
66000 894530
66000 848071
66000 882677
66000 755955
66000 831854
66000 912269
66000 880328
66000 1009977
66000 1036385
66000 1044899
66000 885281
66000 970269
66000 908561
66000 873118
66000 896656
66000 919390
66000 784953
66000 967613
66000 958998
66000 1006402
66000 1026667
66000 909134
66000 871504
66000 908201
66000 1026827
66000 898178
66000 972512
67000 885306
67000 1233639
67000 904448
67000 974148
67000 923311
67000 1408446
67000 842552
67000 877178
67000 1028424
67000 918078
67000 828770
67000 908900
67000 982948
67000 828726
67000 985055
67000 887944
67000 960822
67000 896218
67000 947265
67000 915194
67000 995809
67000 896545
67000 1021909
67000 969170
67000 887585
67000 964850
67000 971534
67000 942369
67000 1546173
67000 998417
67000 908323
67000 1007289
67000 873619
67000 838479
67000 895866
67000 1088450
67000 858110
67000 1130387
67000 929679
67000 911637
67000 1164900
67000 914766
67000 838642
67000 909707
67000 988348
67000 926840
67000 1048612
67000 838982
67000 961055
67000 907110
68000 843104
68000 1020620
68000 1036283
68000 903993
68000 1304561
68000 840549
68000 911253
68000 891848
68000 952320
68000 1020640
68000 827184
68000 1148964
68000 830166
68000 858508
68000 979924
68000 886747
68000 998474
68000 898173
68000 861710
68000 1065927
68000 1099538
68000 1007437
68000 1001579
68000 1015375
68000 1031189
68000 991547
68000 915330
68000 1011474
68000 1234091
68000 870406
68000 1074724
68000 956899
68000 833028
68000 1034821
68000 1433743
68000 854764
68000 1030481
68000 1048138
68000 1098220
68000 886696
68000 1176353
68000 1002665
68000 873040
68000 944672
68000 978224
68000 930496
68000 950042
68000 951277
68000 945431
68000 1053038
69000 845374
69000 951966
69000 1011905
69000 945886
69000 1020743
69000 1133527
69000 1070365
69000 1068932
69000 942538
69000 949721
69000 967507
69000 1312583
69000 891261
69000 879215
69000 965741
69000 1073362
69000 930257
69000 978493
69000 940317
69000 953842
69000 912330
69000 921583
69000 926887
69000 855779
69000 1072284
69000 1006859
69000 1025803
69000 889432
69000 938188
69000 965595
69000 1039950
69000 1049407
69000 1170685
69000 995109
69000 1016590
69000 1047172
69000 901708
69000 959705
69000 1132739
69000 1050147
69000 978043
69000 1100729
69000 889617
69000 1039136
69000 990847
69000 1006403
69000 1033929
69000 1046998
69000 998798
69000 1073738
70000 1037151
70000 1049696
70000 1056914
70000 878069
70000 995924
70000 1022628
70000 1011230
70000 951286
70000 921742
70000 1138353
70000 985721
70000 1134566
70000 1279054
70000 1030211
70000 990919
70000 1079671
70000 1108702
70000 1140755
70000 897106
70000 1228725
70000 952886
70000 948139
70000 994587
70000 994806
70000 1048613
70000 955328
70000 1315863
70000 936666
70000 973518
70000 899975
70000 910827
70000 960175
70000 958896
70000 980508
70000 983628
70000 1042792
70000 1025547
70000 1069252
70000 987108
70000 917271
70000 1063428
70000 1340833
70000 900285
70000 1140262
70000 972511
70000 945957
70000 1041869
70000 994337
70000 1003761
70000 1244584
71000 1098278
71000 1124423
71000 1078126
71000 1181485
71000 969611
71000 1098833
71000 1084308
71000 1189912
71000 1118492
71000 1340455
71000 1099182
71000 1027784
71000 1120123
71000 937550
71000 1066939
71000 948063
71000 1059816
71000 1091361
71000 917330
71000 887604
71000 1114282
71000 986253
71000 1126082
71000 943360
71000 935451
71000 1027169
71000 1041287
71000 1121354
71000 961092
71000 978494
71000 912180
71000 1072577
71000 1029977
71000 1012370
71000 962742
71000 1028461
71000 1014301
71000 947367
71000 1067565
71000 1227764
71000 984723
71000 1008050
71000 1017803
71000 1030562
71000 942533
71000 1031669
71000 991754
71000 968764
71000 1095934
71000 1023803
72000 986048
72000 1065350
72000 986709
72000 1125286
72000 1251653
72000 1174486
72000 1126608
72000 1033381
72000 1000460
72000 1190412
72000 951349
72000 1021157
72000 930934
72000 961574
72000 999447
72000 987387
72000 945575
72000 920086
72000 1195291
72000 884004
72000 1030073
72000 1090602
72000 1133137
72000 1020171
72000 1169048
72000 1041336
72000 1005488
72000 1034958
72000 1147745
72000 978439
72000 1088817
72000 1059039
72000 1087867
72000 1126371
72000 946665
72000 1096260
72000 1338922
72000 956791
72000 1038604
72000 1200860
72000 1004120
72000 1273036
72000 1120844
72000 977911
72000 1079821
72000 995642
72000 1001624
72000 1134908
72000 1127272
72000 1021894
73000 1235998
73000 1103802
73000 1213943
73000 935549
73000 1021339
73000 1012818
73000 1111171
73000 1330578
73000 1153706
73000 1029954
73000 985583
73000 1124865
73000 1040037
73000 994003
73000 1282168
73000 1163684
73000 1014922
73000 956437
73000 1045509
73000 923602
73000 986928
73000 1039829
73000 1121606
73000 990413
73000 1069008
73000 937044
73000 986965
73000 1138614
73000 1264355
73000 1066728
73000 1196702
73000 979389
73000 1044662
73000 1035011
73000 1063786
73000 1008409
73000 1101542
73000 1105135
73000 1036608
73000 1107686
73000 991946
73000 1212150
73000 1027962
73000 965383
73000 1044600
73000 1122912
73000 1102014
73000 989032
73000 1101858
73000 978941
74000 1170678
74000 1056068
74000 1156072
74000 1091795
74000 1004932
74000 1020603
74000 1411643
74000 1131913
74000 1511892
74000 1090469
74000 923852
74000 1119379
74000 988471
74000 1334826
74000 983135
74000 1147048
74000 973343
74000 986428
74000 993748
74000 980493
74000 1102545
74000 977610
74000 999547
74000 1107745
74000 1048398
74000 944236
74000 1064351
74000 985982
74000 1059807
74000 1077977
74000 1065865
74000 1158576
74000 1140552
74000 1124407
74000 1271943
74000 1089618
74000 1057151
74000 1109159
74000 1250417
74000 1086006
74000 1058903
74000 1058656
74000 1129156
74000 1023719
74000 1111793
74000 1029171
74000 1054893
74000 993245
74000 1118496
74000 1110222
75000 1009904
75000 1038346
75000 1066616
75000 1084920
75000 1154865
75000 1124940
75000 1203092
75000 1182328
75000 1084310
75000 1005268
75000 1134604
75000 1043822
75000 1065243
75000 987671
75000 1136871
75000 1359646
75000 1063222
75000 1014344
75000 1009260
75000 1167359
75000 1046497
75000 1281930
75000 1229159
75000 1101566
75000 1093100
75000 988929
75000 1129600
75000 1018259
75000 1099558
75000 1032071
75000 1123679
75000 1047545
75000 1282480
75000 1199019
75000 1316998
75000 1081167
75000 1098619
75000 1089348
75000 1151948
75000 1249271
75000 1058266
75000 1047334
75000 1036163
75000 1078761
75000 1284407
75000 1197983
75000 1461687
75000 1089769
75000 1073189
75000 997315
76000 1171960
76000 1146025
76000 1077183
76000 1110824
76000 1205842
76000 1192384
76000 991793
76000 1096349
76000 995329
76000 1141158
76000 1210129
76000 1061080
76000 1128623
76000 1209691
76000 1060730
76000 1234507
76000 998929
76000 1032692
76000 1198686
76000 1099659
76000 1077784
76000 1299635
76000 1042151
76000 1080884
76000 1477739
76000 1027430
76000 1186856
76000 1059114
76000 1021759
76000 1146208
76000 1067854
76000 1090863
76000 1000068
76000 1298881
76000 1095291
76000 1064064
76000 1216084
76000 1199783
76000 1081616
76000 1285198
76000 1072089
76000 1233099
76000 1162140
76000 1048461
76000 1390082
76000 1008550
76000 1338478
76000 1158075
76000 1295325
76000 1054681
77000 1033308
77000 1004775
77000 1122127
77000 1190296
77000 976684
77000 1232490
77000 1048588
77000 967266
77000 1124921
77000 1051157
77000 1085472
77000 1326993
77000 1174426
77000 1086200
77000 1118204
77000 1093146
77000 976455
77000 1112071
77000 1051373
77000 1384407
77000 1113788
77000 1103170
77000 1055647
77000 1149609
77000 1008163
77000 1198452
77000 1123438
77000 1245308
77000 1184291
77000 1080640
77000 1184357
77000 1071678
77000 1567025
77000 1079940
77000 1275708
77000 1023528
77000 1105995
77000 1300787
77000 1205953
77000 1249873
77000 989969
77000 1147896
77000 966046
77000 1066034
77000 1188152
77000 1081787
77000 1118233
77000 1110547
77000 1235946
77000 1079079
78000 1185376
78000 1164884
78000 1092351
78000 1000533
78000 1127864
78000 1057676
78000 1050593
78000 1134858
78000 1164052
78000 1210175
78000 1074656
78000 1098063
78000 1025456
78000 1185471
78000 1080391
78000 1150300
78000 1061925
78000 1143532
78000 1075037
78000 1159432
78000 1206843
78000 1185289
78000 1117003
78000 1524705
78000 1065941
78000 1117616
78000 1085861
78000 1192052
78000 1129778
78000 1155265
78000 1365442
78000 1099371
78000 1163517
78000 1150448
78000 1142017
78000 1036817
78000 1025437
78000 1068857
78000 1015667
78000 1062462
78000 1080896
78000 1104225
78000 1189525
78000 1095614
78000 1023070
78000 1146773
78000 1130006
78000 1111359
78000 1147729
78000 1268972
79000 1012504
79000 1060209
79000 1101521
79000 1101499
79000 1457622
79000 1044978
79000 1152632
79000 1118004
79000 1220786
79000 1126367
79000 1250286
79000 1097565
79000 1066588
79000 1170129
79000 1146016
79000 1216379
79000 1409216
79000 1207037
79000 1137539
79000 1293469
79000 1267960
79000 1082496
79000 1267620
79000 1186162
79000 1239601
79000 1058542
79000 1088608
79000 1103462
79000 1182804
79000 1301117
79000 1142557
79000 1226550
79000 1177389
79000 1099576
79000 1293791
79000 1276786
79000 1040587
79000 1078359
79000 1159213
79000 1148900
79000 1276029
79000 1041094
79000 1046129
79000 1101407
79000 1197617
79000 1153060
79000 1164551
79000 1060109
79000 1094683
79000 1353621
80000 1465228
80000 1149500
80000 1178611
80000 1056112
80000 1135849
80000 1194799
80000 1180492
80000 1279034
80000 1146217
80000 1204875
80000 986981
80000 1303358
80000 1345435
80000 1074509
80000 1243936
80000 1228045
80000 1180578
80000 1139212
80000 1094304
80000 1181472
80000 1072683
80000 1144755
80000 1131562
80000 1077055
80000 1175306
80000 1243197
80000 1105299
80000 1121971
80000 1153648
80000 1279058
80000 1224434
80000 1321381
80000 1109588
80000 1311254
80000 1150637
80000 1136830
80000 1104931
80000 1097853
80000 1117270
80000 1094912
80000 1055241
80000 1314997
80000 1275575
80000 1320325
80000 980197
80000 1086290
80000 1000233
80000 1055720
80000 1330240
80000 1544879
81000 1114709
81000 1095322
81000 1170084
81000 1296497
81000 1049352
81000 1382251
81000 1171190
81000 1133922
81000 1142845
81000 1098905
81000 1177637
81000 1080701
81000 1383513
81000 1182846
81000 1551978
81000 1112939
81000 1337228
81000 1055424
81000 1135103
81000 1121522
81000 1153659
81000 1158157
81000 1197284
81000 1284646
81000 1070323
81000 1086459
81000 1146286
81000 1212350
81000 1014508
81000 1175637
81000 1235378
81000 1377952
81000 1189187
81000 1272830
81000 1444745
81000 1341003
81000 1289525
81000 1271880
81000 1220652
81000 1191605
81000 1141065
81000 1505963
81000 1399201
81000 1221677
81000 1148140
81000 1329519
81000 1300903
81000 1028943
81000 1078197
81000 1170315
82000 1135484
82000 1404201
82000 1254151
82000 1183169
82000 1067912
82000 1144343
82000 1184599
82000 1168364
82000 1187263
82000 1160079
82000 1331777
82000 1078626
82000 1128773
82000 1290598
82000 1247741
82000 1272175
82000 1206193
82000 1246844
82000 1143678
82000 1031552
82000 1384251
82000 1092637
82000 1197698
82000 1163996
82000 1152722
82000 1274465
82000 1264443
82000 1221896
82000 1072776
82000 1164031
82000 1233875
82000 1267241
82000 1173400
82000 1180269
82000 1291536
82000 1318838
82000 1393367
82000 1042401
82000 1289405
82000 1114207
82000 1144498
82000 1582251
82000 1414708
82000 1131387
82000 1030278
82000 1202275
82000 1206951
82000 1118333
82000 1294810
82000 1144848
83000 1168253
83000 1202442
83000 1295567
83000 1266771
83000 1243026
83000 1057076
83000 1194040
83000 1262753
83000 1113020
83000 1203665
83000 1125309
83000 1395930
83000 1344557
83000 1093293
83000 1115539
83000 1370939
83000 1210135
83000 1619533
83000 1336647
83000 1167054
83000 1130086
83000 1581081
83000 1094632
83000 1273816
83000 1133034
83000 1373826
83000 1121292
83000 1264956
83000 1275069
83000 1199679
83000 1120420
83000 1439129
83000 1229371
83000 1238252
83000 1241244
83000 1133615
83000 1278212
83000 1247747
83000 1136138
83000 1144663
83000 1207495
83000 1177653
83000 1493581
83000 1248377
83000 1214815
83000 1167441
83000 1329017
83000 1458819
83000 1352273
83000 1292534
84000 1329091
84000 1251089
84000 1088551
84000 1194407
84000 1067457
84000 1269462
84000 1255532
84000 1435865
84000 1407476
84000 1268457
84000 1213680
84000 1145838
84000 1175443
84000 1113486
84000 1354973
84000 1279385
84000 1222296
84000 1417897
84000 1179733
84000 1387637
84000 1066598
84000 1188940
84000 1299018
84000 1153585
84000 1182191
84000 1208231
84000 1267543
84000 1206713
84000 1310996
84000 1238975
84000 1191810
84000 1143514
84000 1292528
84000 1223131
84000 1211316
84000 1270196
84000 1188223
84000 1218392
84000 1164700
84000 1208258
84000 1070938
84000 1233569
84000 1265483
84000 1271438
84000 1324994
84000 1160452
84000 1163443
84000 1279707
84000 1255873
84000 1132619
85000 1257404
85000 1119940
85000 1368049
85000 1202176
85000 1226365
85000 1364600
85000 1214920
85000 1797849
85000 1228820
85000 1158720
85000 1100651
85000 1513552
85000 1298498
85000 1172217
85000 1313348
85000 1337311
85000 1167485
85000 1139292
85000 1578966
85000 1218339
85000 1288416
85000 1529623
85000 1091826
85000 1386780
85000 1126298
85000 1158768
85000 1248560
85000 1186960
85000 1196676
85000 1170047
85000 1393941
85000 1279033
85000 1188354
85000 1346450
85000 1314915
85000 1236567
85000 1294943
85000 1320904
85000 1209836
85000 1162628
85000 1166691
85000 1190345
85000 1291655
85000 1462528
85000 1152254
85000 1272307
85000 1202987
85000 1300666
85000 1227864
85000 1231726
86000 1204013
86000 1123216
86000 1251068
86000 1185687
86000 1108099
86000 1526908
86000 1348717
86000 1212235
86000 1540585
86000 1241943
86000 1452604
86000 1170692
86000 1329707
86000 1234606
86000 1411141
86000 1182483
86000 1335898
86000 1259294
86000 1206974
86000 1126919
86000 1305496
86000 1400112
86000 1243536
86000 1267707
86000 1311134
86000 1292601
86000 1222748
86000 1119896
86000 1320604
86000 1327592
86000 1251046
86000 1174644
86000 1232673
86000 1339791
86000 1144069
86000 1283550
86000 1243518
86000 1228805
86000 1371319
86000 1415670
86000 1250073
86000 1281788
86000 1033135
86000 1458109
86000 1336866
86000 1628827
86000 1319021
86000 1383220
86000 1141744
86000 1268145
87000 1378918
87000 1335001
87000 1154747
87000 1392324
87000 1254494
87000 1194472
87000 1191675
87000 1249755
87000 1373957
87000 1201200
87000 1337588
87000 1284057
87000 1556781
87000 1603897
87000 1354821
87000 1342313
87000 1350272
87000 1182063
87000 1213811
87000 1365991
87000 1465783
87000 1166313
87000 1170185
87000 1441751
87000 1370628
87000 1306004
87000 1250672
87000 1197494
87000 1471988
87000 1253637
87000 1197477
87000 1332544
87000 1258295
87000 1347880
87000 1204521
87000 1347466
87000 1623451
87000 1514863
87000 1397406
87000 1544497
87000 1167586
87000 1171813
87000 1211961
87000 1276565
87000 1182518
87000 1147463
87000 1259477
87000 1265995
87000 1208211
87000 1206158
88000 1152125
88000 1120988
88000 1156494
88000 1285570
88000 1173190
88000 1315267
88000 1254733
88000 1436978
88000 1341638
88000 1260945
88000 1233545
88000 1132750
88000 1340768
88000 1231649
88000 1243279
88000 1174151
88000 1545401
88000 1176423
88000 1176158
88000 1331547
88000 1382439
88000 1413522
88000 1290968
88000 1337732
88000 1454217
88000 1147285
88000 1244628
88000 1353352
88000 1232602
88000 1226374
88000 1156317
88000 1251925
88000 1331426
88000 1132035
88000 1274293
88000 1406989
88000 1442949
88000 1378901
88000 1143415
88000 1310326
88000 1238225
88000 1348474
88000 1198839
88000 1257286
88000 1158770
88000 1292462
88000 1186238
88000 1332661
88000 1437025
88000 1251799
89000 1192006
89000 1311561
89000 1400967
89000 1134101
89000 1328834
89000 1246982
89000 1406110
89000 1261428
89000 1298021
89000 1183060
89000 1208600
89000 1284044
89000 1196479
89000 1370395
89000 1169814
89000 1361442
89000 1191558
89000 1612486
89000 1260206
89000 1414316
89000 1333582
89000 1361366
89000 1123339
89000 1165283
89000 1337987
89000 1302454
89000 1460831
89000 1638373
89000 1326812
89000 1346624
89000 1607728
89000 1250512
89000 1219547
89000 1165155
89000 1180545
89000 1184979
89000 1261784
89000 1361893
89000 1254492
89000 1407423
89000 1147255
89000 1161476
89000 1438443
89000 1249652
89000 1426572
89000 1463149
89000 1214569
89000 1368618
89000 1376097
89000 1262483
90000 1212668
90000 1263960
90000 1389430
90000 1385840
90000 1209383
90000 1456227
90000 1175495
90000 1297324
90000 1248399
90000 1260305
90000 1232759
90000 1305893
90000 1260352
90000 1402365
90000 1243825
90000 1245202
90000 1232897
90000 1459457
90000 1222471
90000 1243363
90000 1530558
90000 1539200
90000 1332614
90000 1309717
90000 1318670
90000 1505523
90000 1180561
90000 1349356
90000 1358228
90000 1247058
90000 1305492
90000 1269736
90000 1209411
90000 1177727
90000 1306989
90000 2001616
90000 1204825
90000 1261758
90000 1206122
90000 1328870
90000 1450573
90000 1369905
90000 1320660
90000 1221916
90000 1302621
90000 1294637
90000 1297600
90000 1281491
90000 1254862
90000 1443208
91000 1724847
91000 1456034
91000 1253399
91000 1503250
91000 1512144
91000 1204425
91000 1470085
91000 1274143
91000 1228256
91000 1306218
91000 1376194
91000 1205143
91000 1366648
91000 1291213
91000 1324499
91000 1348760
91000 1248716
91000 1427323
91000 1259531
91000 1521685
91000 1195391
91000 1193438
91000 1555273
91000 1379944
91000 1211986
91000 1279412
91000 1885797
91000 1309370
91000 1279700
91000 1336199
91000 1349216
91000 1383223
91000 1178895
91000 1211309
91000 1357711
91000 1500502
91000 1484484
91000 1302500
91000 1262425
91000 1391074
91000 1374910
91000 1620512
91000 1360420
91000 1344585
91000 1495209
91000 1359307
91000 1332948
91000 1422839
91000 1496922
91000 1391144
92000 1345870
92000 1384508
92000 1482582
92000 1339869
92000 1239154
92000 1240788
92000 1476471
92000 1324102
92000 1403204
92000 1471234
92000 1471502
92000 1299414
92000 1289884
92000 1196118
92000 1375023
92000 1323183
92000 1263487
92000 1268536
92000 1363743
92000 1358596
92000 1346717
92000 1217850
92000 1358103
92000 1321764
92000 1456103
92000 1391544
92000 1348399
92000 1254199
92000 1240110
92000 1248541
92000 1434568
92000 1297370
92000 1420309
92000 1555952
92000 1242327
92000 1382190
92000 1247824
92000 1711214
92000 1678244
92000 1212167
92000 1532076
92000 1853259
92000 1338972
92000 1215881
92000 1361992
92000 1804066
92000 1173055
92000 1297643
92000 1542976
92000 1404570
93000 1655425
93000 1736074
93000 1329098
93000 1420716
93000 1456505
93000 1366776
93000 1516125
93000 1454116
93000 1283778
93000 1239622
93000 1229246
93000 1197875
93000 1347125
93000 1405390
93000 1133447
93000 1279294
93000 1280061
93000 1515126
93000 1322049
93000 1319116
93000 1599195
93000 1270447
93000 1322755
93000 1214084
93000 1277654
93000 1583916
93000 1534588
93000 1575780
93000 1216409
93000 1384131
93000 1235273
93000 1373525
93000 1613403
93000 1359105
93000 1458242
93000 1220206
93000 1217241
93000 1217576
93000 1356769
93000 1236180
93000 1540817
93000 1281561
93000 1271864
93000 1580715
93000 1290082
93000 1340674
93000 1417556
93000 1433012
93000 1236802
93000 1393532
94000 1381185
94000 1349218
94000 1425791
94000 1287297
94000 1407239
94000 1378224
94000 1289916
94000 1385693
94000 1695519
94000 1448181
94000 1395186
94000 1377231
94000 1359569
94000 1250760
94000 1259157
94000 1335449
94000 1311479
94000 1257896
94000 1309194
94000 1396321
94000 1397472
94000 1260045
94000 1368034
94000 1402646
94000 1518681
94000 1474541
94000 1504847
94000 1471861
94000 1564797
94000 1400801
94000 1364500
94000 1489595
94000 1402844
94000 1566389
94000 1515545
94000 1358724
94000 1327331
94000 1483563
94000 1412530
94000 1644541
94000 1589788
94000 1307003
94000 1434202
94000 1340573
94000 1353329
94000 1337435
94000 1364031
94000 1305852
94000 1441521
94000 1269248
95000 1539375
95000 1547134
95000 1153077
95000 1280414
95000 1691362
95000 1428744
95000 1624784
95000 1522568
95000 1321182
95000 1303504
95000 1313682
95000 1724056
95000 1367745
95000 1377885
95000 1280489
95000 1369779
95000 1413078
95000 1294847
95000 1206987
95000 1287191
95000 1387910
95000 1246607
95000 1317402
95000 1370231
95000 1617325
95000 1301940
95000 1444140
95000 1437933
95000 1462101
95000 1375319
95000 1383816
95000 1432741
95000 1554538
95000 1284115
95000 1459020
95000 1524975
95000 1496378
95000 1224136
95000 1173082
95000 1426837
95000 1363828
95000 1577165
95000 1335841
95000 1260464
95000 1349721
95000 1358297
95000 1215174
95000 1400321
95000 1273944
95000 1244885
96000 1527471
96000 1258681
96000 1369154
96000 1216675
96000 1312202
96000 1378379
96000 1687131
96000 1408881
96000 1287769
96000 1532324
96000 1459470
96000 1193307
96000 1288756
96000 1244172
96000 1552564
96000 1363371
96000 1423846
96000 1285742
96000 1449815
96000 1319868
96000 1700716
96000 1379616
96000 1417199
96000 1321759
96000 1478869
96000 1776781
96000 1580669
96000 1555185
96000 1492890
96000 1490019
96000 1488658
96000 1330151
96000 1408744
96000 1246592
96000 1339851
96000 1202613
96000 1327871
96000 1396308
96000 1907845
96000 1380877
96000 1398029
96000 1366974
96000 1395427
96000 1596153
96000 1496408
96000 1468249
96000 1363004
96000 1397110
96000 1328995
96000 1337020
97000 1411746
97000 1371483
97000 1466505
97000 1575618
97000 1334781
97000 1407356
97000 1563467
97000 1355958
97000 1518054
97000 1315946
97000 1508513
97000 1295127
97000 1437381
97000 1273610
97000 1319470
97000 1896587
97000 1414147
97000 1318152
97000 1368782
97000 1297322
97000 1417421
97000 1528204
97000 1232287
97000 1589526
97000 1197933
97000 1395362
97000 1467733
97000 1837661
97000 1487489
97000 2015059
97000 1368470
97000 1409015
97000 1260184
97000 1335565
97000 1447992
97000 1331495
97000 1260466
97000 1413547
97000 1262200
97000 1630707
97000 1466263
97000 1309525
97000 1399502
97000 1409092
97000 1291762
97000 1619339
97000 1265218
97000 1336955
97000 1371789
97000 1408201
98000 1726422
98000 1625328
98000 1238292
98000 1429472
98000 1428647
98000 1460035
98000 1531879
98000 1498311
98000 1505401
98000 1495187
98000 1378410
98000 1544579
98000 1468461
98000 1291275
98000 1705241
98000 1618804
98000 1303725
98000 1427048
98000 1398007
98000 1346542
98000 1847961
98000 1298662
98000 1313992
98000 1374970
98000 1283655
98000 1280756
98000 1312779
98000 1461049
98000 1346250
98000 1359226
98000 1437941
98000 1476988
98000 1336202
98000 1487048
98000 1258366
98000 1456664
98000 1455983
98000 1372222
98000 1421830
98000 1475900
98000 1472025
98000 1367596
98000 1563297
98000 1517310
98000 1338248
98000 1352893
98000 1582682
98000 1265398
98000 1300580
98000 1532368
99000 1310956
99000 1589700
99000 1322702
99000 1823547
99000 1590753
99000 1399199
99000 1329675
99000 1444186
99000 1800078
99000 1307258
99000 1374334
99000 1445968
99000 1401278
99000 1492376
99000 1334012
99000 1693142
99000 1563648
99000 1346586
99000 1509826
99000 1399366
99000 1312175
99000 1343025
99000 1453275
99000 1491623
99000 1387970
99000 1537341
99000 1457708
99000 1311911
99000 1487435
99000 1438945
99000 1564976
99000 1323117
99000 1373237
99000 1311884
99000 1447364
99000 1646624
99000 1594226
99000 1356074
99000 1640676
99000 1678461
99000 1450011
99000 1364684
99000 1434669
99000 1393571
99000 1475965
99000 1436212
99000 1327554
99000 1384575
99000 1360214
99000 1354398
100000 1411961
100000 1759540
100000 1589261
100000 1615844
100000 1642805
100000 1888145
100000 1563359
100000 1466642
100000 1781258
100000 1565443
100000 1418420
100000 1504023
100000 1418511
100000 1397613
100000 1423021
100000 1539928
100000 1494272
100000 1345041
100000 1338248
100000 1440809
100000 1487860
100000 1272825
100000 1323934
100000 1412920
100000 1413789
100000 1555097
100000 1451856
100000 1375731
100000 1501921
100000 1281208
100000 1485535
100000 1637227
100000 1524381
100000 1376097
100000 1376836
100000 1581908
100000 1554453
100000 1476853
100000 1442267
100000 1417268
100000 1348368
100000 1422231
100000 1464744
100000 1412489
100000 1728887
100000 1702954
100000 1698625
100000 1371597
100000 1321924
100000 1584992
