1000 370
1000 376
1000 385
1000 364
1000 354
1000 366
1000 379
1000 384
1000 366
1000 357
1000 365
1000 356
1000 382
1000 389
1000 368
1000 367
1000 355
1000 363
1000 373
1000 363
1000 377
1000 339
1000 350
1000 359
1000 371
1000 366
1000 371
1000 356
1000 367
1000 351
1000 369
1000 376
1000 354
1000 371
1000 351
1000 351
1000 362
1000 385
1000 369
1000 361
1000 387
1000 369
1000 376
1000 361
1000 379
1000 368
1000 369
1000 380
1000 356
1000 351
2000 730
2000 727
2000 740
2000 725
2000 740
2000 756
2000 729
2000 722
2000 709
2000 725
2000 727
2000 725
2000 737
2000 730
2000 743
2000 746
2000 764
2000 737
2000 738
2000 746
2000 739
2000 713
2000 764
2000 737
2000 739
2000 741
2000 730
2000 742
2000 731
2000 735
2000 718
2000 736
2000 752
2000 711
2000 722
2000 730
2000 745
2000 733
2000 724
2000 713
2000 736
2000 744
2000 747
2000 734
2000 743
2000 749
2000 744
2000 720
2000 751
2000 731
3000 1110
3000 1129
3000 1090
3000 1071
3000 1123
3000 1113
3000 1125
3000 1104
3000 1090
3000 1124
3000 1088
3000 1122
3000 1099
3000 1090
3000 1108
3000 1093
3000 1100
3000 1132
3000 1089
3000 1110
3000 1101
3000 1107
3000 1096
3000 1101
3000 1091
3000 1116
3000 1103
3000 1096
3000 1112
3000 1139
3000 1092
3000 1110
3000 1134
3000 1113
3000 1075
3000 1126
3000 1096
3000 1091
3000 1104
3000 1117
3000 1112
3000 1103
3000 1063
3000 1098
3000 1120
3000 1103
3000 1107
3000 1092
3000 1092
3000 1113
4000 1449
4000 1441
4000 1451
4000 1458
4000 1460
4000 1456
4000 1464
4000 1444
4000 1494
4000 1489
4000 1478
4000 1450
4000 1501
4000 1459
4000 1454
4000 1465
4000 1456
4000 1483
4000 1473
4000 1487
4000 1452
4000 1477
4000 1472
4000 1488
4000 1434
4000 1481
4000 1500
4000 1501
4000 1461
4000 1459
4000 1465
4000 1486
4000 1497
4000 1499
4000 1451
4000 1476
4000 1455
4000 1449
4000 1476
4000 1491
4000 1484
4000 1488
4000 1486
4000 1489
4000 1465
4000 1486
4000 1439
4000 1436
4000 1461
4000 1480
5000 1843
5000 1822
5000 1800
5000 1855
5000 1849
5000 1861
5000 1879
5000 1824
5000 1845
5000 1849
5000 1808
5000 1827
5000 1815
5000 1842
5000 1822
5000 1871
5000 1882
5000 1854
5000 1845
5000 1871
5000 1826
5000 1831
5000 1865
5000 1847
5000 1820
5000 1830
5000 1865
5000 1856
5000 1832
5000 1815
5000 1870
5000 1849
5000 1832
5000 1879
5000 1817
5000 1843
5000 1875
5000 1859
5000 1846
5000 1791
5000 1860
5000 1853
5000 1852
5000 1852
5000 1847
5000 1812
5000 1823
5000 1848
5000 1869
5000 1875
6000 2212
6000 2198
6000 2197
6000 2220
6000 2241
6000 2235
6000 2186
6000 2264
6000 2203
6000 2223
6000 2198
6000 2173
6000 2199
6000 2230
6000 2209
6000 2203
6000 2166
6000 2191
6000 2216
6000 2207
6000 2217
6000 2225
6000 2220
6000 2209
6000 2220
6000 2212
6000 2227
6000 2201
6000 2193
6000 2203
6000 2207
6000 2211
6000 2207
6000 2207
6000 2195
6000 2209
6000 2191
6000 2178
6000 2235
6000 2249
6000 2242
6000 2202
6000 2180
6000 2196
6000 2228
6000 2216
6000 2229
6000 2212
6000 2216
6000 2222
7000 2522
7000 2588
7000 2566
7000 2618
7000 2586
7000 2602
7000 2585
7000 2567
7000 2558
7000 2579
7000 2558
7000 2606
7000 2554
7000 2583
7000 2552
7000 2573
7000 2588
7000 2534
7000 2566
7000 2547
7000 2597
7000 2553
7000 2570
7000 2560
7000 2578
7000 2543
7000 2563
7000 2566
7000 2608
7000 2562
7000 2606
7000 2569
7000 2599
7000 2583
7000 2554
7000 2560
7000 2588
7000 2611
7000 2542
7000 2523
7000 2574
7000 2607
7000 2603
7000 2577
7000 2618
7000 2541
7000 2599
7000 2571
7000 2584
7000 2542
8000 2955
8000 2963
8000 2895
8000 2998
8000 2955
8000 2925
8000 2967
8000 2953
8000 2954
8000 2978
8000 2967
8000 2966
8000 2952
8000 2972
8000 2953
8000 2933
8000 2921
8000 2925
8000 2963
8000 2950
8000 2918
8000 2875
8000 2889
8000 2939
8000 2968
8000 2947
8000 2970
8000 2930
8000 2896
8000 2940
8000 2929
8000 2942
8000 2927
8000 2999
8000 2925
8000 2936
8000 2903
8000 2943
8000 2956
8000 2897
8000 2928
8000 2917
8000 2897
8000 2953
8000 2929
8000 2916
8000 2942
8000 2913
8000 2942
8000 2892
9000 3293
9000 3306
9000 3273
9000 3314
9000 3304
9000 3290
9000 3273
9000 3266
9000 3271
9000 3295
9000 3326
9000 3255
9000 3314
9000 3347
9000 3290
9000 3284
9000 3301
9000 3311
9000 3334
9000 3312
9000 3322
9000 3280
9000 3316
9000 3259
9000 3278
9000 3342
9000 3344
9000 3253
9000 3311
9000 3262
9000 3321
9000 3329
9000 3266
9000 3269
9000 3304
9000 3302
9000 3333
9000 3231
9000 3343
9000 3341
9000 3339
9000 3374
9000 3370
9000 3368
9000 3323
9000 3286
9000 3272
9000 3229
9000 3317
9000 3305
10000 3678
10000 3716
10000 3578
10000 3677
10000 3635
10000 3673
10000 3637
10000 3692
10000 3675
10000 3719
10000 3696
10000 3629
10000 3673
10000 3636
10000 3702
10000 3771
10000 3641
10000 3676
10000 3683
10000 3686
10000 3640
10000 3732
10000 3673
10000 3688
10000 3669
10000 3693
10000 3681
10000 3647
10000 3671
10000 3702
10000 3581
10000 3628
10000 3603
10000 3681
10000 3618
10000 3702
10000 3632
10000 3628
10000 3647
10000 3666
10000 3735
10000 3691
10000 3647
10000 3687
10000 3654
10000 3664
10000 3635
10000 3704
10000 3621
10000 3676
11000 4049
11000 4070
11000 4061
11000 4007
11000 4055
11000 3986
11000 4054
11000 3996
11000 4071
11000 4024
11000 4001
11000 4075
11000 4051
11000 4059
11000 4057
11000 4107
11000 4030
11000 4047
11000 4024
11000 4055
11000 4026
11000 4040
11000 4063
11000 4008
11000 4064
11000 4075
11000 3984
11000 4059
11000 4058
11000 4035
11000 4092
11000 4059
11000 4055
11000 4032
11000 4140
11000 4040
11000 4121
11000 4087
11000 4042
11000 4062
11000 3996
11000 4033
11000 4032
11000 4028
11000 4033
11000 4018
11000 4091
11000 4067
11000 4034
11000 4052
12000 4414
12000 4448
12000 4426
12000 4404
12000 4414
12000 4392
12000 4448
12000 4411
12000 4356
12000 4450
12000 4438
12000 4427
12000 4447
12000 4436
12000 4454
12000 4385
12000 4427
12000 4458
12000 4436
12000 4451
12000 4397
12000 4370
12000 4418
12000 4383
12000 4321
12000 4461
12000 4436
12000 4448
12000 4386
12000 4398
12000 4429
12000 4452
12000 4390
12000 4379
12000 4433
12000 4443
12000 4362
12000 4434
12000 4376
12000 4405
12000 4413
12000 4383
12000 4420
12000 4396
12000 4434
12000 4421
12000 4343
12000 4456
12000 4404
12000 4402
13000 4755
13000 4729
13000 4791
13000 4747
13000 4812
13000 4764
13000 4742
13000 4753
13000 4713
13000 4733
13000 4784
13000 4826
13000 4813
13000 4760
13000 4805
13000 4800
13000 4783
13000 4823
13000 4800
13000 4871
13000 4775
13000 4791
13000 4879
13000 4817
13000 4809
13000 4765
13000 4766
13000 4726
13000 4774
13000 4770
13000 4691
13000 4789
13000 4716
13000 4756
13000 4763
13000 4800
13000 4811
13000 4733
13000 4873
13000 4776
13000 4815
13000 4795
13000 4748
13000 4750
13000 4748
13000 4807
13000 4798
13000 4784
13000 4773
13000 4749
14000 5115
14000 5190
14000 5117
14000 5114
14000 5123
14000 5141
14000 5164
14000 5092
14000 5136
14000 5122
14000 5126
14000 5197
14000 5074
14000 5124
14000 5136
14000 5131
14000 5158
14000 5151
14000 5119
14000 5174
14000 5118
14000 5170
14000 5214
14000 5193
14000 5168
14000 5099
14000 5094
14000 5176
14000 5220
14000 5133
14000 5138
14000 5201
14000 5179
14000 5128
14000 5145
14000 5114
14000 5146
14000 5110
14000 5165
14000 5105
14000 5170
14000 5117
14000 5226
14000 5152
14000 5139
14000 5187
14000 5141
14000 5136
14000 5127
14000 5147
15000 5567
15000 5506
15000 5574
15000 5503
15000 5496
15000 5503
15000 5589
15000 5517
15000 5543
15000 5523
15000 5493
15000 5518
15000 5592
15000 5477
15000 5579
15000 5490
15000 5469
15000 5539
15000 5512
15000 5503
15000 5567
15000 5486
15000 5502
15000 5517
15000 5502
15000 5540
15000 5484
15000 5499
15000 5536
15000 5519
15000 5453
15000 5527
15000 5479
15000 5482
15000 5533
15000 5501
15000 5536
15000 5590
15000 5509
15000 5519
15000 5508
15000 5534
15000 5547
15000 5576
15000 5484
15000 5554
15000 5489
15000 5464
15000 5532
15000 5502
16000 5861
16000 5894
16000 5917
16000 5835
16000 5880
16000 5970
16000 5845
16000 5858
16000 5882
16000 5905
16000 5868
16000 5872
16000 5951
16000 5861
16000 5849
16000 5870
16000 5890
16000 5872
16000 5859
16000 5808
16000 5909
16000 5921
16000 5917
16000 5982
16000 5925
16000 5909
16000 5990
16000 5809
16000 5854
16000 5872
16000 5905
16000 5855
16000 5834
16000 5909
16000 5901
16000 5904
16000 5843
16000 5910
16000 5867
16000 5900
16000 5951
16000 5911
16000 5915
16000 5891
16000 5806
16000 5923
16000 5935
16000 5879
16000 5980
16000 5901
17000 6314
17000 6271
17000 6195
17000 6245
17000 6267
17000 6267
17000 6233
17000 6323
17000 6303
17000 6293
17000 6278
17000 6270
17000 6312
17000 6270
17000 6235
17000 6287
17000 6243
17000 6261
17000 6281
17000 6305
17000 6224
17000 6239
17000 6188
17000 6203
17000 6295
17000 6198
17000 6235
17000 6319
17000 6259
17000 6254
17000 6246
17000 6281
17000 6262
17000 6290
17000 6260
17000 6238
17000 6208
17000 6299
17000 6237
17000 6353
17000 6227
17000 6254
17000 6196
17000 6254
17000 6182
17000 6298
17000 6306
17000 6271
17000 6278
17000 6312
18000 6512
18000 6618
18000 6518
18000 6593
18000 6569
18000 6610
18000 6650
18000 6618
18000 6577
18000 6580
18000 6672
18000 6644
18000 6576
18000 6620
18000 6626
18000 6643
18000 6574
18000 6609
18000 6769
18000 6654
18000 6687
18000 6656
18000 6624
18000 6602
18000 6571
18000 6588
18000 6582
18000 6678
18000 6644
18000 6657
18000 6570
18000 6693
18000 6651
18000 6635
18000 6592
18000 6626
18000 6610
18000 6665
18000 6648
18000 6635
18000 6586
18000 6626
18000 6616
18000 6657
18000 6633
18000 6714
18000 6628
18000 6578
18000 6652
18000 6590
19000 6938
19000 7022
19000 6988
19000 7096
19000 6969
19000 7022
19000 6982
19000 7017
19000 7087
19000 7054
19000 7009
19000 6973
19000 7068
19000 7021
19000 7018
19000 7000
19000 6952
19000 7014
19000 7015
19000 6945
19000 7077
19000 7009
19000 6937
19000 6972
19000 6974
19000 7002
19000 7035
19000 7004
19000 6967
19000 6967
19000 7020
19000 6948
19000 7021
19000 6983
19000 7044
19000 6938
19000 6954
19000 6990
19000 6966
19000 6991
19000 6951
19000 7008
19000 6969
19000 7028
19000 7012
19000 7004
19000 7016
19000 7017
19000 6955
19000 6972
20000 7406
20000 7309
20000 7330
20000 7374
20000 7286
20000 7314
20000 7395
20000 7365
20000 7336
20000 7248
20000 7390
20000 7364
20000 7425
20000 7265
20000 7360
20000 7405
20000 7362
20000 7386
20000 7439
20000 7366
20000 7434
20000 7336
20000 7330
20000 7278
20000 7342
20000 7352
20000 7415
20000 7379
20000 7380
20000 7313
20000 7395
20000 7308
20000 7339
20000 7361
20000 7364
20000 7471
20000 7320
20000 7336
20000 7303
20000 7381
20000 7284
20000 7359
20000 7347
20000 7471
20000 7391
20000 7412
20000 7394
20000 7380
20000 7419
20000 7371
21000 7733
21000 7744
21000 7678
21000 7641
21000 7743
21000 7798
21000 7769
21000 7754
21000 7714
21000 7710
21000 7748
21000 7630
21000 7696
21000 7664
21000 7793
21000 7763
21000 7747
21000 7718
21000 7766
21000 7699
21000 7680
21000 7760
21000 7742
21000 7716
21000 7676
21000 7685
21000 7683
21000 7746
21000 7658
21000 7770
21000 7633
21000 7658
21000 7690
21000 7717
21000 7699
21000 7776
21000 7730
21000 7790
21000 7761
21000 7599
21000 7688
21000 7751
21000 7656
21000 7671
21000 7763
21000 7798
21000 7636
21000 7726
21000 7820
21000 7696
22000 8099
22000 8107
22000 8024
22000 8068
22000 8065
22000 8183
22000 8151
22000 8048
22000 8028
22000 8238
22000 8099
22000 8009
22000 8096
22000 8090
22000 8097
22000 8074
22000 8010
22000 8101
22000 8096
22000 8008
22000 8091
22000 8193
22000 8105
22000 8105
22000 8152
22000 8054
22000 8095
22000 8099
22000 8102
22000 8099
22000 8054
22000 8077
22000 8084
22000 8025
22000 8108
22000 8080
22000 8049
22000 8088
22000 8042
22000 8131
22000 8129
22000 8030
22000 8156
22000 8090
22000 7997
22000 8070
22000 8082
22000 8079
22000 8085
22000 8128
23000 8412
23000 8479
23000 8483
23000 8474
23000 8501
23000 8514
23000 8441
23000 8459
23000 8404
23000 8416
23000 8470
23000 8522
23000 8435
23000 8441
23000 8504
23000 8523
23000 8396
23000 8493
23000 8365
23000 8444
23000 8434
23000 8501
23000 8500
23000 8518
23000 8454
23000 8560
23000 8441
23000 8435
23000 8527
23000 8461
23000 8480
23000 8467
23000 8489
23000 8492
23000 8444
23000 8481
23000 8479
23000 8367
23000 8462
23000 8546
23000 8436
23000 8516
23000 8422
23000 8399
23000 8471
23000 8453
23000 8462
23000 8450
23000 8447
23000 8456
24000 8853
24000 8855
24000 8778
24000 8764
24000 8821
24000 8866
24000 8805
24000 8812
24000 8765
24000 8704
24000 8855
24000 8868
24000 8772
24000 8832
24000 8869
24000 8716
24000 8781
24000 8872
24000 8861
24000 8857
24000 8795
24000 8877
24000 8845
24000 8809
24000 8879
24000 8850
24000 8785
24000 8773
24000 8873
24000 8869
24000 8806
24000 8850
24000 8864
24000 8748
24000 8872
24000 8852
24000 8771
24000 8779
24000 8833
24000 8849
24000 8764
24000 8760
24000 8803
24000 8837
24000 8768
24000 8878
24000 8770
24000 8876
24000 8783
24000 8818
25000 9195
25000 9210
25000 9210
25000 9203
25000 9138
25000 9236
25000 9146
25000 9264
25000 9242
25000 9156
25000 9189
25000 9226
25000 9085
25000 9217
25000 9221
25000 9119
25000 9155
25000 9199
25000 9232
25000 9219
25000 9150
25000 9125
25000 9187
25000 9153
25000 9225
25000 9144
25000 9180
25000 9161
25000 9100
25000 9234
25000 9202
25000 9205
25000 9228
25000 9140
25000 9195
25000 9141
25000 9188
25000 9185
25000 9147
25000 9215
25000 9180
25000 9221
25000 9214
25000 9160
25000 9306
25000 9294
25000 9269
25000 9251
25000 9144
25000 9164
26000 9594
26000 9532
26000 9543
26000 9534
26000 9475
26000 9628
26000 9580
26000 9498
26000 9575
26000 9468
26000 9549
26000 9512
26000 9519
26000 9436
26000 9481
26000 9543
26000 9657
26000 9621
26000 9617
26000 9560
26000 9558
26000 9630
26000 9568
26000 9553
26000 9557
26000 9528
26000 9594
26000 9539
26000 9494
26000 9522
26000 9585
26000 9553
26000 9564
26000 9467
26000 9588
26000 9580
26000 9526
26000 9511
26000 9500
26000 9540
26000 9515
26000 9536
26000 9549
26000 9585
26000 9569
26000 9469
26000 9516
26000 9563
26000 9520
26000 9488
27000 10010
27000 9853
27000 9970
27000 10006
27000 9889
27000 9885
27000 9915
27000 9938
27000 9939
27000 9962
27000 10021
27000 9924
27000 9859
27000 9993
27000 9955
27000 9934
27000 9847
27000 9939
27000 9952
27000 9974
27000 9910
27000 9851
27000 9941
27000 9927
27000 9902
27000 9897
27000 9871
27000 9951
27000 9921
27000 9921
27000 9955
27000 9991
27000 9842
27000 10026
27000 9868
27000 10004
27000 9899
27000 9952
27000 9946
27000 9982
27000 9932
27000 9853
27000 10000
27000 10019
27000 9926
27000 9909
27000 9886
27000 10015
27000 9987
27000 9948
28000 10263
28000 10281
28000 10317
28000 10406
28000 10208
28000 10215
28000 10300
28000 10153
28000 10291
28000 10307
28000 10253
28000 10395
28000 10341
28000 10352
28000 10270
28000 10246
28000 10409
28000 10312
28000 10352
28000 10311
28000 10232
28000 10288
28000 10341
28000 10154
28000 10192
28000 10314
28000 10216
28000 10274
28000 10294
28000 10297
28000 10328
28000 10251
28000 10334
28000 10370
28000 10295
28000 10280
28000 10346
28000 10363
28000 10346
28000 10278
28000 10337
28000 10383
28000 10385
28000 10335
28000 10256
28000 10307
28000 10317
28000 10403
28000 10249
28000 10282
29000 10747
29000 10699
29000 10755
29000 10679
29000 10626
29000 10668
29000 10587
29000 10681
29000 10731
29000 10652
29000 10771
29000 10693
29000 10584
29000 10589
29000 10664
29000 10629
29000 10693
29000 10642
29000 10647
29000 10686
29000 10633
29000 10527
29000 10738
29000 10696
29000 10688
29000 10748
29000 10609
29000 10596
29000 10707
29000 10716
29000 10697
29000 10672
29000 10697
29000 10624
29000 10686
29000 10670
29000 10714
29000 10665
29000 10637
29000 10635
29000 10584
29000 10725
29000 10703
29000 10659
29000 10681
29000 10675
29000 10729
29000 10705
29000 10631
29000 10697
30000 11011
30000 11063
30000 11054
30000 11051
30000 11006
30000 10984
30000 10952
30000 11026
30000 10948
30000 11037
30000 11003
30000 11065
30000 11105
30000 11066
30000 10956
30000 11000
30000 11087
30000 11022
30000 10983
30000 10995
30000 11050
30000 11014
30000 11121
30000 10985
30000 10991
30000 10942
30000 11145
30000 10923
30000 10910
30000 10966
30000 11074
30000 11035
30000 11088
30000 10992
30000 11040
30000 10993
30000 11053
30000 10937
30000 11126
30000 11056
30000 11057
30000 10981
30000 11059
30000 11153
30000 11048
30000 10973
30000 10950
30000 11030
30000 11085
30000 10963
31000 11455
31000 11388
31000 11465
31000 11396
31000 11401
31000 11448
31000 11411
31000 11447
31000 11448
31000 11529
31000 11367
31000 11449
31000 11411
31000 11345
31000 11422
31000 11331
31000 11569
31000 11346
31000 11327
31000 11406
31000 11481
31000 11410
31000 11500
31000 11467
31000 11294
31000 11438
31000 11511
31000 11435
31000 11386
31000 11408
31000 11443
31000 11365
31000 11416
31000 11400
31000 11449
31000 11432
31000 11456
31000 11403
31000 11479
31000 11456
31000 11464
31000 11323
31000 11430
31000 11457
31000 11419
31000 11264
31000 11482
31000 11366
31000 11447
31000 11407
32000 11755
32000 11747
32000 11833
32000 11825
32000 11767
32000 11775
32000 11723
32000 11744
32000 11718
32000 11728
32000 11804
32000 11725
32000 11715
32000 11715
32000 11750
32000 11821
32000 11840
32000 11727
32000 11713
32000 11773
32000 11711
32000 11768
32000 11821
32000 11738
32000 11786
32000 11719
32000 11754
32000 11815
32000 11688
32000 11802
32000 11717
32000 11756
32000 11788
32000 11668
32000 11738
32000 11809
32000 11890
32000 11756
32000 11832
32000 11747
32000 11709
32000 11750
32000 11806
32000 11743
32000 11800
32000 11671
32000 11751
32000 11799
32000 11721
32000 11657
33000 12277
33000 12166
33000 12102
33000 12085
33000 12143
33000 12127
33000 12104
33000 12070
33000 12190
33000 12100
33000 12131
33000 12198
33000 12073
33000 12154
33000 12183
33000 12118
33000 12081
33000 12078
33000 12123
33000 12153
33000 12209
33000 12114
33000 12105
33000 12113
33000 12132
33000 12174
33000 12143
33000 12124
33000 12232
33000 12123
33000 12260
33000 12214
33000 12177
33000 12265
33000 12211
33000 12242
33000 12157
33000 12128
33000 12102
33000 12208
33000 12107
33000 12106
33000 12062
33000 12132
33000 12101
33000 12073
33000 12102
33000 12210
33000 12178
33000 12166
34000 12520
34000 12429
34000 12533
34000 12455
34000 12525
34000 12503
34000 12493
34000 12461
34000 12448
34000 12585
34000 12510
34000 12556
34000 12536
34000 12534
34000 12620
34000 12588
34000 12525
34000 12472
34000 12525
34000 12628
34000 12572
34000 12397
34000 12521
34000 12441
34000 12473
34000 12563
34000 12505
34000 12517
34000 12456
34000 12552
34000 12436
34000 12502
34000 12522
34000 12543
34000 12615
34000 12501
34000 12484
34000 12494
34000 12495
34000 12486
34000 12390
34000 12496
34000 12540
34000 12452
34000 12594
34000 12495
34000 12398
34000 12486
34000 12363
34000 12527
35000 12830
35000 13057
35000 12904
35000 12930
35000 12915
35000 12964
35000 12846
35000 12865
35000 12896
35000 12849
35000 12867
35000 12753
35000 12747
35000 12930
35000 12767
35000 12858
35000 12908
35000 12766
35000 12788
35000 12869
35000 12952
35000 12891
35000 12978
35000 13028
35000 12869
35000 12870
35000 12804
35000 12853
35000 12900
35000 12873
35000 12880
35000 12941
35000 12860
35000 12928
35000 12868
35000 12862
35000 12869
35000 12812
35000 12919
35000 12944
35000 12920
35000 12863
35000 12828
35000 12965
35000 12880
35000 12936
35000 12841
35000 12928
35000 12893
35000 12873
36000 13191
36000 13275
36000 13211
36000 13258
36000 13357
36000 13265
36000 13212
36000 13299
36000 13228
36000 13243
36000 13246
36000 13259
36000 13244
36000 13235
36000 13212
36000 13245
36000 13224
36000 13189
36000 13274
36000 13193
36000 13209
36000 13293
36000 13207
36000 13249
36000 13315
36000 13176
36000 13248
36000 13205
36000 13242
36000 13213
36000 13177
36000 13255
36000 13205
36000 13356
36000 13277
36000 13390
36000 13191
36000 13271
36000 13182
36000 13425
36000 13357
36000 13136
36000 13204
36000 13323
36000 13169
36000 13247
36000 13210
36000 13256
36000 13198
36000 13215
37000 13562
37000 13605
37000 13667
37000 13630
37000 13683
37000 13582
37000 13570
37000 13639
37000 13526
37000 13629
37000 13573
37000 13556
37000 13652
37000 13626
37000 13603
37000 13579
37000 13634
37000 13618
37000 13658
37000 13629
37000 13688
37000 13599
37000 13599
37000 13581
37000 13517
37000 13600
37000 13650
37000 13660
37000 13506
37000 13681
37000 13550
37000 13711
37000 13629
37000 13527
37000 13699
37000 13741
37000 13562
37000 13548
37000 13613
37000 13593
37000 13611
37000 13621
37000 13546
37000 13594
37000 13712
37000 13601
37000 13541
37000 13526
37000 13628
37000 13701
38000 13980
38000 13852
38000 13978
38000 13947
38000 13913
38000 13967
38000 13994
38000 13990
38000 13983
38000 13851
38000 14000
38000 14059
38000 13968
38000 14028
38000 14050
38000 13925
38000 13989
38000 13979
38000 13994
38000 13941
38000 14020
38000 14027
38000 14015
38000 14027
38000 13887
38000 14015
38000 13921
38000 14031
38000 13976
38000 13961
38000 13917
38000 13980
38000 13889
38000 13987
38000 14079
38000 13992
38000 13978
38000 13945
38000 13930
38000 13966
38000 13895
38000 14042
38000 13855
38000 13979
38000 13913
38000 14043
38000 13931
38000 14026
38000 14011
38000 14035
39000 14325
39000 14396
39000 14321
39000 14347
39000 14327
39000 14319
39000 14366
39000 14350
39000 14366
39000 14398
39000 14380
39000 14377
39000 14367
39000 14458
39000 14276
39000 14365
39000 14256
39000 14404
39000 14373
39000 14337
39000 14299
39000 14428
39000 14331
39000 14373
39000 14280
39000 14305
39000 14268
39000 14395
39000 14305
39000 14245
39000 14375
39000 14393
39000 14285
39000 14320
39000 14388
39000 14369
39000 14312
39000 14306
39000 14397
39000 14307
39000 14272
39000 14258
39000 14448
39000 14370
39000 14411
39000 14303
39000 14409
39000 14297
39000 14360
39000 14347
40000 14708
40000 14831
40000 14757
40000 14756
40000 14628
40000 14672
40000 14720
40000 14676
40000 14675
40000 14812
40000 14805
40000 14843
40000 14728
40000 14717
40000 14820
40000 14696
40000 14836
40000 14803
40000 14710
40000 14745
40000 14739
40000 14738
40000 14632
40000 14779
40000 14750
40000 14785
40000 14714
40000 14700
40000 14728
40000 14845
40000 14828
40000 14723
40000 14792
40000 14757
40000 14819
40000 14714
40000 14771
40000 14644
40000 14763
40000 14738
40000 14772
40000 14753
40000 14768
40000 14551
40000 14593
40000 14695
40000 14561
40000 14727
40000 14678
40000 14718
41000 15141
41000 15133
41000 15098
41000 15092
41000 15095
41000 15008
41000 15117
41000 15090
41000 15084
41000 15023
41000 15090
41000 15127
41000 14943
41000 15132
41000 15062
41000 15006
41000 15128
41000 15237
41000 15100
41000 15026
41000 15137
41000 15135
41000 15071
41000 15038
41000 15104
41000 15089
41000 15098
41000 15158
41000 14971
41000 15052
41000 15057
41000 15105
41000 15120
41000 15011
41000 15077
41000 14978
41000 15137
41000 15071
41000 15134
41000 15097
41000 15107
41000 15044
41000 14929
41000 15043
41000 15008
41000 15042
41000 15001
41000 14984
41000 15062
41000 15181
42000 15457
42000 15388
42000 15370
42000 15448
42000 15429
42000 15484
42000 15388
42000 15457
42000 15419
42000 15391
42000 15499
42000 15417
42000 15303
42000 15423
42000 15428
42000 15434
42000 15409
42000 15403
42000 15421
42000 15369
42000 15439
42000 15446
42000 15529
42000 15530
42000 15380
42000 15447
42000 15481
42000 15373
42000 15346
42000 15378
42000 15493
42000 15475
42000 15347
42000 15392
42000 15474
42000 15398
42000 15469
42000 15430
42000 15420
42000 15399
42000 15489
42000 15458
42000 15518
42000 15329
42000 15385
42000 15462
42000 15455
42000 15518
42000 15412
42000 15508
43000 15786
43000 15770
43000 15757
43000 15828
43000 15902
43000 15813
43000 15794
43000 15815
43000 15771
43000 15939
43000 15766
43000 15792
43000 15863
43000 15884
43000 15773
43000 15870
43000 15853
43000 15813
43000 15897
43000 15843
43000 15835
43000 15785
43000 15800
43000 15740
43000 15724
43000 15905
43000 15785
43000 15653
43000 15749
43000 15826
43000 15818
43000 15818
43000 15869
43000 15893
43000 15661
43000 15733
43000 15801
43000 15759
43000 15742
43000 15937
43000 15748
43000 15790
43000 15773
43000 15973
43000 15948
43000 15834
43000 15862
43000 15859
43000 15736
43000 15846
44000 16102
44000 16204
44000 16175
44000 16148
44000 16248
44000 16191
44000 16236
44000 16236
44000 16081
44000 16135
44000 16114
44000 16231
44000 16233
44000 16129
44000 16276
44000 16115
44000 16251
44000 16181
44000 16114
44000 16161
44000 16156
44000 16067
44000 16185
44000 16086
44000 16228
44000 16323
44000 16171
44000 16234
44000 16209
44000 16093
44000 16261
44000 16254
44000 16216
44000 16076
44000 16153
44000 16366
44000 16174
44000 16071
44000 16210
44000 16279
44000 16150
44000 16237
44000 16207
44000 16160
44000 16217
44000 16248
44000 16151
44000 16291
44000 16241
44000 16162
45000 16551
45000 16524
45000 16589
45000 16575
45000 16428
45000 16537
45000 16555
45000 16704
45000 16516
45000 16379
45000 16505
45000 16603
45000 16561
45000 16568
45000 16475
45000 16634
45000 16501
45000 16620
45000 16574
45000 16562
45000 16531
45000 16564
45000 16643
45000 16635
45000 16647
45000 16554
45000 16606
45000 16420
45000 16611
45000 16626
45000 16588
45000 16595
45000 16514
45000 16589
45000 16489
45000 16494
45000 16523
45000 16485
45000 16570
45000 16536
45000 16482
45000 16554
45000 16568
45000 16582
45000 16602
45000 16583
45000 16538
45000 16584
45000 16610
45000 16565
46000 16943
46000 16840
46000 16897
46000 16906
46000 16995
46000 16889
46000 16811
46000 17071
46000 16983
46000 16950
46000 17145
46000 16777
46000 16919
46000 16912
46000 16913
46000 17028
46000 16885
46000 16869
46000 16901
46000 16992
46000 16909
46000 16786
46000 16855
46000 16734
46000 17075
46000 17019
46000 16978
46000 16866
46000 16894
46000 16858
46000 16997
46000 16884
46000 16870
46000 16901
46000 16887
46000 16945
46000 16926
46000 16865
46000 16846
46000 17017
46000 16894
46000 16890
46000 16920
46000 16970
46000 16933
46000 16919
46000 17015
46000 16974
46000 16849
46000 17008
47000 17360
47000 17276
47000 17283
47000 17268
47000 17301
47000 17397
47000 17287
47000 17305
47000 17293
47000 17400
47000 17183
47000 17277
47000 17265
47000 17184
47000 17350
47000 17326
47000 17234
47000 17312
47000 17406
47000 17295
47000 17275
47000 17419
47000 17435
47000 17214
47000 17251
47000 17292
47000 17312
47000 17327
47000 17342
47000 17408
47000 17266
47000 17267
47000 17162
47000 17293
47000 17386
47000 17340
47000 17197
47000 17124
47000 17317
47000 17289
47000 17140
47000 17293
47000 17279
47000 17222
47000 17270
47000 17262
47000 17251
47000 17245
47000 17351
47000 17341
48000 17642
48000 17641
48000 17644
48000 17619
48000 17680
48000 17636
48000 17703
48000 17767
48000 17663
48000 17779
48000 17684
48000 17704
48000 17584
48000 17591
48000 17708
48000 17593
48000 17698
48000 17654
48000 17742
48000 17570
48000 17566
48000 17486
48000 17561
48000 17651
48000 17618
48000 17635
48000 17562
48000 17599
48000 17613
48000 17713
48000 17580
48000 17602
48000 17641
48000 17768
48000 17693
48000 17716
48000 17621
48000 17565
48000 17721
48000 17722
48000 17653
48000 17676
48000 17664
48000 17885
48000 17663
48000 17632
48000 17578
48000 17637
48000 17576
48000 17650
49000 17981
49000 18005
49000 17932
49000 18072
49000 18207
49000 18129
49000 17960
49000 18027
49000 18045
49000 17967
49000 18077
49000 17985
49000 17980
49000 17971
49000 17979
49000 17897
49000 18019
49000 18121
49000 18080
49000 17966
49000 18079
49000 18028
49000 18067
49000 17976
49000 18043
49000 17973
49000 18055
49000 18041
49000 17959
49000 17932
49000 17986
49000 18027
49000 17898
49000 17990
49000 18096
49000 18003
49000 17910
49000 17954
49000 18009
49000 17968
49000 17982
49000 18016
49000 18058
49000 18033
49000 18111
49000 18012
49000 17962
49000 17974
49000 18049
49000 18215
50000 18415
50000 18483
50000 18405
50000 18342
50000 18383
50000 18464
50000 18298
50000 18446
50000 18439
50000 18491
50000 18238
50000 18371
50000 18451
50000 18351
50000 18364
50000 18534
50000 18332
50000 18377
50000 18402
50000 18401
50000 18392
50000 18404
50000 18306
50000 18378
50000 18348
50000 18325
50000 18403
50000 18231
50000 18357
50000 18424
50000 18439
50000 18498
50000 18312
50000 18202
50000 18487
50000 18450
50000 18487
50000 18404
50000 18419
50000 18377
50000 18163
50000 18370
50000 18383
50000 18368
50000 18317
50000 18423
50000 18454
50000 18499
50000 18267
50000 18337
51000 18729
51000 18776
51000 18656
51000 18772
51000 18770
51000 18599
51000 18866
51000 18843
51000 18862
51000 18897
51000 18732
51000 18745
51000 18779
51000 18835
51000 18729
51000 18670
51000 18863
51000 18711
51000 18692
51000 18699
51000 18768
51000 18667
51000 18640
51000 18795
51000 18792
51000 18712
51000 18650
51000 18773
51000 18814
51000 18764
51000 18731
51000 18694
51000 18732
51000 18657
51000 18831
51000 18762
51000 18675
51000 18820
51000 18798
51000 18701
51000 18801
51000 18761
51000 18898
51000 18779
51000 18720
51000 18624
51000 18813
51000 18814
51000 18761
51000 18773
52000 19102
52000 19027
52000 19160
52000 19268
52000 19135
52000 19113
52000 19171
52000 19132
52000 19073
52000 19119
52000 19217
52000 19207
52000 19090
52000 19164
52000 19107
52000 19165
52000 19173
52000 19036
52000 19154
52000 19100
52000 19084
52000 19179
52000 19125
52000 19174
52000 19062
52000 19124
52000 19005
52000 19097
52000 19148
52000 19085
52000 19190
52000 19137
52000 19024
52000 19077
52000 19208
52000 19198
52000 19060
52000 19177
52000 19114
52000 19247
52000 19222
52000 19087
52000 19041
52000 19112
52000 19073
52000 19099
52000 19149
52000 19199
52000 19152
52000 19254
53000 19541
53000 19428
53000 19463
53000 19479
53000 19482
53000 19444
53000 19504
53000 19560
53000 19530
53000 19545
53000 19480
53000 19505
53000 19360
53000 19499
53000 19475
53000 19430
53000 19494
53000 19489
53000 19418
53000 19539
53000 19446
53000 19394
53000 19538
53000 19475
53000 19523
53000 19485
53000 19406
53000 19514
53000 19683
53000 19469
53000 19532
53000 19502
53000 19520
53000 19484
53000 19399
53000 19606
53000 19443
53000 19448
53000 19387
53000 19413
53000 19533
53000 19523
53000 19445
53000 19530
53000 19399
53000 19474
53000 19526
53000 19578
53000 19490
53000 19436
54000 19862
54000 19850
54000 19641
54000 19767
54000 19925
54000 19934
54000 19818
54000 19837
54000 19856
54000 19869
54000 19745
54000 19822
54000 19755
54000 19954
54000 19828
54000 19838
54000 19958
54000 19972
54000 19861
54000 19898
54000 19924
54000 19872
54000 19905
54000 19841
54000 19891
54000 19822
54000 20063
54000 19914
54000 19901
54000 19927
54000 19902
54000 19702
54000 19907
54000 19855
54000 19905
54000 19849
54000 19905
54000 19855
54000 19802
54000 19865
54000 20063
54000 19962
54000 19865
54000 19952
54000 19833
54000 19848
54000 19815
54000 19870
54000 19769
54000 19838
55000 20318
55000 20247
55000 20275
55000 20167
55000 20180
55000 20142
55000 20170
55000 20229
55000 20143
55000 20250
55000 20311
55000 20207
55000 20367
55000 20216
55000 20095
55000 20281
55000 20194
55000 20213
55000 20181
55000 20341
55000 20133
55000 20160
55000 20260
55000 20097
55000 20220
55000 20350
55000 20243
55000 20131
55000 20313
55000 20207
55000 20218
55000 20150
55000 20226
55000 20326
55000 20322
55000 20091
55000 20113
55000 20114
55000 20300
55000 20191
55000 20375
55000 20138
55000 20284
55000 20347
55000 20182
55000 20293
55000 20128
55000 20172
55000 20228
55000 20371
56000 20679
56000 20797
56000 20657
56000 20605
56000 20569
56000 20683
56000 20584
56000 20696
56000 20609
56000 20509
56000 20491
56000 20566
56000 20771
56000 20476
56000 20744
56000 20491
56000 20595
56000 20683
56000 20434
56000 20648
56000 20539
56000 20526
56000 20683
56000 20674
56000 20551
56000 20557
56000 20628
56000 20665
56000 20401
56000 20737
56000 20635
56000 20590
56000 20684
56000 20524
56000 20618
56000 20660
56000 20616
56000 20522
56000 20521
56000 20671
56000 20538
56000 20602
56000 20586
56000 20685
56000 20642
56000 20601
56000 20525
56000 20579
56000 20607
56000 20600
57000 21001
57000 20834
57000 20946
57000 21019
57000 20925
57000 21042
57000 21006
57000 21111
57000 21006
57000 21130
57000 20954
57000 20817
57000 20960
57000 20872
57000 20894
57000 20927
57000 20911
57000 20989
57000 21035
57000 20859
57000 20950
57000 21046
57000 20993
57000 20971
57000 20997
57000 21003
57000 20959
57000 20914
57000 20974
57000 20971
57000 20983
57000 20902
57000 20919
57000 21062
57000 21218
57000 21036
57000 21005
57000 21051
57000 20942
57000 21019
57000 21096
57000 21009
57000 21003
57000 20916
57000 20935
57000 21022
57000 20881
57000 20970
57000 20907
57000 20950
58000 21263
58000 21310
58000 21413
58000 21424
58000 21448
58000 21493
58000 21426
58000 21366
58000 21412
58000 21472
58000 21347
58000 21273
58000 21373
58000 21177
58000 21382
58000 21337
58000 21240
58000 21210
58000 21368
58000 21397
58000 21293
58000 21263
58000 21426
58000 21241
58000 21281
58000 21403
58000 21365
58000 21165
58000 21193
58000 21218
58000 21432
58000 21233
58000 21380
58000 21389
58000 21346
58000 21477
58000 21412
58000 21367
58000 21340
58000 21485
58000 21365
58000 21316
58000 21464
58000 21389
58000 21465
58000 21313
58000 21256
58000 21256
58000 21232
58000 21204
59000 21676
59000 21584
59000 21670
59000 21706
59000 21733
59000 21635
59000 21569
59000 21703
59000 21795
59000 21726
59000 21790
59000 21773
59000 21704
59000 21747
59000 21697
59000 21719
59000 21761
59000 21635
59000 21898
59000 21514
59000 21651
59000 21716
59000 21863
59000 21802
59000 21671
59000 21621
59000 21747
59000 21754
59000 21758
59000 21756
59000 21800
59000 21664
59000 21658
59000 21670
59000 21746
59000 21699
59000 21656
59000 21733
59000 21662
59000 21567
59000 21750
59000 21718
59000 21777
59000 21635
59000 21791
59000 21601
59000 21690
59000 21597
59000 21757
59000 21803
60000 21901
60000 22108
60000 22181
60000 21960
60000 22107
60000 22157
60000 22061
60000 21947
60000 22191
60000 22058
60000 22073
60000 22192
60000 22108
60000 22184
60000 22012
60000 22034
60000 22122
60000 22047
60000 22145
60000 21889
60000 22054
60000 22068
60000 22058
60000 22039
60000 22018
60000 22164
60000 22090
60000 22051
60000 22166
60000 22069
60000 22130
60000 22157
60000 22048
60000 22140
60000 22038
60000 22094
60000 22034
60000 21990
60000 22050
60000 22126
60000 21919
60000 22048
60000 22198
60000 22193
60000 22036
60000 22019
60000 22077
60000 22149
60000 22078
60000 22096
61000 22515
61000 22360
61000 22466
61000 22414
61000 22429
61000 22436
61000 22427
61000 22409
61000 22310
61000 22454
61000 22452
61000 22453
61000 22549
61000 22349
61000 22278
61000 22320
61000 22476
61000 22433
61000 22476
61000 22478
61000 22251
61000 22536
61000 22465
61000 22601
61000 22399
61000 22418
61000 22446
61000 22467
61000 22493
61000 22611
61000 22378
61000 22569
61000 22437
61000 22586
61000 22525
61000 22437
61000 22536
61000 22463
61000 22495
61000 22506
61000 22374
61000 22438
61000 22401
61000 22397
61000 22496
61000 22496
61000 22339
61000 22263
61000 22499
61000 22429
62000 22822
62000 22855
62000 22976
62000 22822
62000 22910
62000 22866
62000 22922
62000 22756
62000 22875
62000 22794
62000 22769
62000 22854
62000 22765
62000 22841
62000 22844
62000 22859
62000 22952
62000 22889
62000 22846
62000 22891
62000 22995
62000 22830
62000 22731
62000 22881
62000 22871
62000 22894
62000 22929
62000 22715
62000 22767
62000 22904
62000 22735
62000 22813
62000 22745
62000 22760
62000 22653
62000 22822
62000 22722
62000 22651
62000 22627
62000 22749
62000 22721
62000 22842
62000 22799
62000 22813
62000 22807
62000 22801
62000 22889
62000 22795
62000 22816
62000 22796
63000 23194
63000 23157
63000 23139
63000 23143
63000 23252
63000 22963
63000 23159
63000 23106
63000 23187
63000 23116
63000 23278
63000 23083
63000 23268
63000 23126
63000 23134
63000 23145
63000 23271
63000 23105
63000 23136
63000 23182
63000 23244
63000 23144
63000 23182
63000 23181
63000 23253
63000 23210
63000 23177
63000 23050
63000 23264
63000 23194
63000 23284
63000 23097
63000 23323
63000 23193
63000 23146
63000 23185
63000 23096
63000 23004
63000 23179
63000 23087
63000 23277
63000 23235
63000 23265
63000 23247
63000 23172
63000 23202
63000 23098
63000 23167
63000 23161
63000 23027
64000 23649
64000 23442
64000 23420
64000 23600
64000 23585
64000 23556
64000 23551
64000 23627
64000 23507
64000 23680
64000 23530
64000 23625
64000 23511
64000 23434
64000 23556
64000 23499
64000 23537
64000 23461
64000 23680
64000 23597
64000 23701
64000 23385
64000 23544
64000 23580
64000 23601
64000 23554
64000 23430
64000 23593
64000 23550
64000 23594
64000 23576
64000 23524
64000 23493
64000 23612
64000 23625
64000 23426
64000 23585
64000 23525
64000 23442
64000 23580
64000 23674
64000 23443
64000 23562
64000 23589
64000 23594
64000 23643
64000 23627
64000 23551
64000 23564
64000 23518
65000 23872
65000 23808
65000 24033
65000 23770
65000 24036
65000 23788
65000 23787
65000 23836
65000 23950
65000 23929
65000 23961
65000 23822
65000 23837
65000 23936
65000 23978
65000 23756
65000 23998
65000 23959
65000 23909
65000 23855
65000 23907
65000 23811
65000 23792
65000 23848
65000 24018
65000 23930
65000 23953
65000 23934
65000 23810
65000 23962
65000 23867
65000 23924
65000 23948
65000 23913
65000 23981
65000 24104
65000 23842
65000 23906
65000 24036
65000 23937
65000 23876
65000 24025
65000 23960
65000 24033
65000 23774
65000 23901
65000 24020
65000 23779
65000 23936
65000 23990
66000 24442
66000 24190
66000 24258
66000 24277
66000 24371
66000 24273
66000 24229
66000 24140
66000 24199
66000 24258
66000 24267
66000 24253
66000 24157
66000 24191
66000 24246
66000 24361
66000 24189
66000 24399
66000 24329
66000 24308
66000 24319
66000 24192
66000 24255
66000 24307
66000 24239
66000 24279
66000 24273
66000 24162
66000 24235
66000 24348
66000 24247
66000 24405
66000 24260
66000 24384
66000 24200
66000 24218
66000 24211
66000 24277
66000 24317
66000 24262
66000 24274
66000 24331
66000 24246
66000 24408
66000 24303
66000 24208
66000 24345
66000 24225
66000 24350
66000 24281
67000 24705
67000 24672
67000 24657
67000 24720
67000 24687
67000 24613
67000 24663
67000 24621
67000 24635
67000 24738
67000 24615
67000 24680
67000 24631
67000 24561
67000 24668
67000 24539
67000 24743
67000 24677
67000 24756
67000 24624
67000 24753
67000 24535
67000 24724
67000 24772
67000 24727
67000 24596
67000 24733
67000 24535
67000 24741
67000 24676
67000 24692
67000 24656
67000 24571
67000 24656
67000 24581
67000 24734
67000 24633
67000 24676
67000 24700
67000 24722
67000 24517
67000 24787
67000 24549
67000 24691
67000 24592
67000 24731
67000 24694
67000 24442
67000 24779
67000 24515
68000 24967
68000 24983
68000 25058
68000 24894
68000 25047
68000 25092
68000 24980
68000 25176
68000 24889
68000 25022
68000 25104
68000 24985
68000 25117
68000 24998
68000 24988
68000 25097
68000 25006
68000 25050
68000 24933
68000 24846
68000 24902
68000 24995
68000 24864
68000 24927
68000 25006
68000 24949
68000 25109
68000 25086
68000 24977
68000 24964
68000 25140
68000 25033
68000 25163
68000 25055
68000 25057
68000 24997
68000 25068
68000 24945
68000 25064
68000 25068
68000 24950
68000 25048
68000 25016
68000 24951
68000 24859
68000 25124
68000 24910
68000 25009
68000 25005
68000 24904
69000 25467
69000 25445
69000 25469
69000 25310
69000 25347
69000 25405
69000 25465
69000 25269
69000 25378
69000 25317
69000 25362
69000 25464
69000 25376
69000 25395
69000 25465
69000 25258
69000 25457
69000 25435
69000 25222
69000 25473
69000 25467
69000 25403
69000 25420
69000 25385
69000 25498
69000 25469
69000 25359
69000 25259
69000 25341
69000 25324
69000 25374
69000 25303
69000 25389
69000 25302
69000 25433
69000 25482
69000 25265
69000 25463
69000 25442
69000 25318
69000 25322
69000 25360
69000 25387
69000 25433
69000 25319
69000 25468
69000 25431
69000 25257
69000 25428
69000 25377
70000 25648
70000 25821
70000 25834
70000 25765
70000 25852
70000 25833
70000 25680
70000 25861
70000 25778
70000 25826
70000 25665
70000 25775
70000 25910
70000 25731
70000 25741
70000 25810
70000 25724
70000 25570
70000 25792
70000 25806
70000 25776
70000 25788
70000 25870
70000 25728
70000 25742
70000 25681
70000 25713
70000 25892
70000 25761
70000 25831
70000 25798
70000 25779
70000 25688
70000 25860
70000 25708
70000 25693
70000 25767
70000 25732
70000 25645
70000 25645
70000 25798
70000 25800
70000 25675
70000 25756
70000 25739
70000 25749
70000 25779
70000 25768
70000 25699
70000 25800
71000 26187
71000 26100
71000 26204
71000 26226
71000 26144
71000 26050
71000 26039
71000 26209
71000 26042
71000 26155
71000 26100
71000 26193
71000 26189
71000 26083
71000 26119
71000 26048
71000 26049
71000 26136
71000 26139
71000 26169
71000 26046
71000 26199
71000 26080
71000 26076
71000 26028
71000 26215
71000 25911
71000 26085
71000 26196
71000 26122
71000 26069
71000 26153
71000 26128
71000 26193
71000 26125
71000 25986
71000 26125
71000 26086
71000 26105
71000 26188
71000 26054
71000 26168
71000 26051
71000 26034
71000 26065
71000 25981
71000 26096
71000 26244
71000 26092
71000 26100
72000 26418
72000 26594
72000 26400
72000 26491
72000 26566
72000 26519
72000 26480
72000 26538
72000 26405
72000 26477
72000 26624
72000 26498
72000 26531
72000 26474
72000 26487
72000 26655
72000 26419
72000 26421
72000 26443
72000 26473
72000 26398
72000 26440
72000 26380
72000 26426
72000 26484
72000 26441
72000 26370
72000 26527
72000 26701
72000 26568
72000 26443
72000 26528
72000 26390
72000 26368
72000 26512
72000 26588
72000 26544
72000 26492
72000 26498
72000 26569
72000 26585
72000 26496
72000 26476
72000 26420
72000 26447
72000 26534
72000 26464
72000 26419
72000 26522
72000 26522
73000 26833
73000 26858
73000 26860
73000 26798
73000 26756
73000 26849
73000 26778
73000 26854
73000 26837
73000 26787
73000 26869
73000 26695
73000 26890
73000 26948
73000 26921
73000 26732
73000 26938
73000 26747
73000 26857
73000 26824
73000 26786
73000 26872
73000 26809
73000 26781
73000 26765
73000 27040
73000 26657
73000 26951
73000 26780
73000 26992
73000 26725
73000 26971
73000 26893
73000 26793
73000 26871
73000 26980
73000 26946
73000 26831
73000 26891
73000 26923
73000 26943
73000 26719
73000 26845
73000 26863
73000 26837
73000 26983
73000 26688
73000 26807
73000 26713
73000 27048
74000 27263
74000 27127
74000 27136
74000 27230
74000 27186
74000 27296
74000 27325
74000 27156
74000 27102
74000 27213
74000 27281
74000 27300
74000 27196
74000 27018
74000 27277
74000 27140
74000 27393
74000 27101
74000 27267
74000 27218
74000 27066
74000 27146
74000 26994
74000 27213
74000 27228
74000 27130
74000 27294
74000 27195
74000 27187
74000 27258
74000 27321
74000 27331
74000 27159
74000 27187
74000 27163
74000 27049
74000 27071
74000 27350
74000 27107
74000 27294
74000 27141
74000 27290
74000 27320
74000 27162
74000 27252
74000 27132
74000 27260
74000 27053
74000 27238
74000 27168
75000 27489
75000 27573
75000 27558
75000 27549
75000 27433
75000 27672
75000 27553
75000 27690
75000 27489
75000 27426
75000 27554
75000 27652
75000 27713
75000 27704
75000 27628
75000 27575
75000 27633
75000 27751
75000 27621
75000 27617
75000 27666
75000 27619
75000 27683
75000 27619
75000 27601
75000 27652
75000 27443
75000 27623
75000 27607
75000 27462
75000 27585
75000 27651
75000 27588
75000 27558
75000 27640
75000 27609
75000 27540
75000 27671
75000 27613
75000 27685
75000 27609
75000 27487
75000 27622
75000 27484
75000 27651
75000 27646
75000 27491
75000 27454
75000 27580
75000 27424
76000 28070
76000 27869
76000 27950
76000 27912
76000 28061
76000 28103
76000 27922
76000 27963
76000 28026
76000 27868
76000 27933
76000 27881
76000 28150
76000 27986
76000 27950
76000 27834
76000 27815
76000 27969
76000 27957
76000 27876
76000 27935
76000 28016
76000 28000
76000 28047
76000 27996
76000 27884
76000 27856
76000 28122
76000 28024
76000 27982
76000 28040
76000 28130
76000 27971
76000 28027
76000 28040
76000 28192
76000 27985
76000 27915
76000 27946
76000 27862
76000 28131
76000 28019
76000 27896
76000 27800
76000 27912
76000 27732
76000 28049
76000 27882
76000 28084
76000 27970
77000 28094
77000 28289
77000 28241
77000 28352
77000 28354
77000 28435
77000 28470
77000 28434
77000 28326
77000 28275
77000 28270
77000 28390
77000 28419
77000 28296
77000 28454
77000 28259
77000 28419
77000 28317
77000 28410
77000 28475
77000 28404
77000 28272
77000 28537
77000 28390
77000 28249
77000 28397
77000 28370
77000 28344
77000 28297
77000 28337
77000 28367
77000 28290
77000 28234
77000 28246
77000 28257
77000 28207
77000 28450
77000 28316
77000 28434
77000 28517
77000 28260
77000 28330
77000 28188
77000 28253
77000 28522
77000 28304
77000 28208
77000 28264
77000 28282
77000 28322
78000 28642
78000 28528
78000 28577
78000 28671
78000 28691
78000 28640
78000 28703
78000 28647
78000 28766
78000 28759
78000 28633
78000 28641
78000 28739
78000 28683
78000 28591
78000 28757
78000 28883
78000 28632
78000 28807
78000 28743
78000 28704
78000 28602
78000 28724
78000 28721
78000 28560
78000 28618
78000 28750
78000 28861
78000 28703
78000 28701
78000 28639
78000 28636
78000 28691
78000 28737
78000 28606
78000 28622
78000 28661
78000 28698
78000 28460
78000 28732
78000 28712
78000 28674
78000 28615
78000 28804
78000 28741
78000 28798
78000 28770
78000 28702
78000 28576
78000 28794
79000 29048
79000 28932
79000 28981
79000 29128
79000 28982
79000 29132
79000 29129
79000 29033
79000 28955
79000 28794
79000 29125
79000 29045
79000 29117
79000 28964
79000 29211
79000 28951
79000 29039
79000 29005
79000 29209
79000 29019
79000 29156
79000 29059
79000 29238
79000 29053
79000 28895
79000 29096
79000 29064
79000 29020
79000 29059
79000 29050
79000 29058
79000 29177
79000 29219
79000 29022
79000 29228
79000 28980
79000 28941
79000 29049
79000 29002
79000 29171
79000 29142
79000 29320
79000 29045
79000 29112
79000 29071
79000 29109
79000 28912
79000 29111
79000 29154
79000 29107
80000 29399
80000 29491
80000 29389
80000 29379
80000 29479
80000 29455
80000 29627
80000 29693
80000 29269
80000 29395
80000 29452
80000 29535
80000 29452
80000 29424
80000 29351
80000 29266
80000 29496
80000 29324
80000 29433
80000 29390
80000 29279
80000 29394
80000 29454
80000 29414
80000 29349
80000 29554
80000 29389
80000 29361
80000 29563
80000 29487
80000 29401
80000 29359
80000 29542
80000 29324
80000 29368
80000 29363
80000 29310
80000 29457
80000 29364
80000 29542
80000 29464
80000 29618
80000 29424
80000 29409
80000 29548
80000 29246
80000 29440
80000 29410
80000 29387
80000 29533
81000 29700
81000 29849
81000 29781
81000 29698
81000 29735
81000 29797
81000 29872
81000 29942
81000 29727
81000 29945
81000 29856
81000 29725
81000 29804
81000 29633
81000 29843
81000 29891
81000 29701
81000 29755
81000 29847
81000 29929
81000 29654
81000 29801
81000 29753
81000 29797
81000 29697
81000 29729
81000 29769
81000 29769
81000 29589
81000 29725
81000 30018
81000 29777
81000 29699
81000 29610
81000 29817
81000 29845
81000 29602
81000 29819
81000 29928
81000 29741
81000 29871
81000 29864
81000 29817
81000 29640
81000 29815
81000 29696
81000 29769
81000 29811
81000 29794
81000 29782
82000 30184
82000 30167
82000 30096
82000 30134
82000 30201
82000 30315
82000 30087
82000 30064
82000 30040
82000 30113
82000 30099
82000 29991
82000 30156
82000 30134
82000 30086
82000 30132
82000 30007
82000 30223
82000 30166
82000 30157
82000 30184
82000 30261
82000 30085
82000 30041
82000 30157
82000 30304
82000 30025
82000 30137
82000 30138
82000 30117
82000 30248
82000 30249
82000 30206
82000 30086
82000 30110
82000 30282
82000 30151
82000 30149
82000 30147
82000 29971
82000 30215
82000 30221
82000 30168
82000 30158
82000 30205
82000 30075
82000 29976
82000 30081
82000 30209
82000 30233
83000 30465
83000 30470
83000 30363
83000 30450
83000 30506
83000 30547
83000 30523
83000 30466
83000 30556
83000 30308
83000 30347
83000 30660
83000 30477
83000 30623
83000 30485
83000 30678
83000 30485
83000 30472
83000 30631
83000 30534
83000 30513
83000 30357
83000 30522
83000 30695
83000 30414
83000 30460
83000 30546
83000 30741
83000 30590
83000 30419
83000 30548
83000 30342
83000 30604
83000 30696
83000 30369
83000 30495
83000 30605
83000 30689
83000 30559
83000 30702
83000 30552
83000 30672
83000 30567
83000 30586
83000 30596
83000 30519
83000 30544
83000 30564
83000 30570
83000 30490
84000 30840
84000 31022
84000 30842
84000 30975
84000 30844
84000 30904
84000 30951
84000 30793
84000 30889
84000 30953
84000 30978
84000 30975
84000 30911
84000 30799
84000 30923
84000 30815
84000 30880
84000 30982
84000 30971
84000 31065
84000 31001
84000 30836
84000 30890
84000 31013
84000 30913
84000 30705
84000 30846
84000 30875
84000 30972
84000 31026
84000 30842
84000 30718
84000 30854
84000 30873
84000 30939
84000 30842
84000 30945
84000 30825
84000 30802
84000 30988
84000 30944
84000 30728
84000 30915
84000 30889
84000 30845
84000 30865
84000 30917
84000 30849
84000 30898
84000 31087
85000 31287
85000 31364
85000 31234
85000 31291
85000 31327
85000 31182
85000 31323
85000 31396
85000 31221
85000 31190
85000 31235
85000 31177
85000 31422
85000 31179
85000 31311
85000 31305
85000 31404
85000 31227
85000 31264
85000 31253
85000 31076
85000 31169
85000 31140
85000 31281
85000 31304
85000 31308
85000 31171
85000 31378
85000 31287
85000 31314
85000 31292
85000 31349
85000 31215
85000 31104
85000 31268
85000 31382
85000 31246
85000 31300
85000 31158
85000 31311
85000 31216
85000 31081
85000 31367
85000 31287
85000 31199
85000 31257
85000 31375
85000 31124
85000 31159
85000 31374
86000 31691
86000 31645
86000 31657
86000 31629
86000 31661
86000 31737
86000 31589
86000 31582
86000 31401
86000 31775
86000 31549
86000 31564
86000 31558
86000 31498
86000 31728
86000 31631
86000 31671
86000 31733
86000 31697
86000 31794
86000 31672
86000 31629
86000 31782
86000 31796
86000 31785
86000 31566
86000 31579
86000 31611
86000 31628
86000 31506
86000 31566
86000 31715
86000 31743
86000 31602
86000 31534
86000 31739
86000 31612
86000 31584
86000 31586
86000 31689
86000 31689
86000 31501
86000 31581
86000 31641
86000 31478
86000 31360
86000 31717
86000 31817
86000 31664
86000 31560
87000 31892
87000 31896
87000 32179
87000 32012
87000 31983
87000 31947
87000 31796
87000 31963
87000 31940
87000 32009
87000 31902
87000 32201
87000 31984
87000 31929
87000 32077
87000 32016
87000 31934
87000 32116
87000 32038
87000 32167
87000 32072
87000 32066
87000 31854
87000 32107
87000 32119
87000 32057
87000 31983
87000 32030
87000 32084
87000 31880
87000 31961
87000 31937
87000 31947
87000 32172
87000 32085
87000 32140
87000 31912
87000 32032
87000 32188
87000 32026
87000 32040
87000 31992
87000 32115
87000 32010
87000 32107
87000 31977
87000 32022
87000 31976
87000 32113
87000 32098
88000 32354
88000 32309
88000 32443
88000 32342
88000 32269
88000 32475
88000 32465
88000 32392
88000 32451
88000 32407
88000 32401
88000 32374
88000 32379
88000 32233
88000 32396
88000 32151
88000 32226
88000 32433
88000 32345
88000 32244
88000 32418
88000 32335
88000 32426
88000 32421
88000 32276
88000 32460
88000 32518
88000 32474
88000 32446
88000 32302
88000 32352
88000 32287
88000 32361
88000 32255
88000 32398
88000 32422
88000 32283
88000 32272
88000 32399
88000 32390
88000 32465
88000 32433
88000 32260
88000 32380
88000 32313
88000 32397
88000 32378
88000 32423
88000 32348
88000 32389
89000 32865
89000 32793
89000 32782
89000 32623
89000 32651
89000 32830
89000 32725
89000 32882
89000 32535
89000 32831
89000 32819
89000 32674
89000 32837
89000 32891
89000 32963
89000 32755
89000 32686
89000 32617
89000 32869
89000 32681
89000 32940
89000 32743
89000 32684
89000 32752
89000 32875
89000 32957
89000 32637
89000 32791
89000 32594
89000 32820
89000 32849
89000 32656
89000 32921
89000 32718
89000 32763
89000 32697
89000 32715
89000 32780
89000 32695
89000 32686
89000 32699
89000 32771
89000 32739
89000 32620
89000 32609
89000 32549
89000 32724
89000 32906
89000 32929
89000 32658
90000 33105
90000 32991
90000 33018
90000 33232
90000 33166
90000 33138
90000 33236
90000 32983
90000 33277
90000 33106
90000 33143
90000 33195
90000 33036
90000 33001
90000 33062
90000 33118
90000 33196
90000 33166
90000 32989
90000 33289
90000 33260
90000 33060
90000 33077
90000 33139
90000 33226
90000 33129
90000 33252
90000 33145
90000 33031
90000 33156
90000 33191
90000 33077
90000 33204
90000 33127
90000 32957
90000 33093
90000 33202
90000 33007
90000 33161
90000 33076
90000 33129
90000 33280
90000 33187
90000 33028
90000 32839
90000 33203
90000 33156
90000 33129
90000 33104
90000 33033
91000 33406
91000 33634
91000 33375
91000 33469
91000 33456
91000 33376
91000 33558
91000 33418
91000 33389
91000 33464
91000 33624
91000 33651
91000 33492
91000 33405
91000 33567
91000 33486
91000 33656
91000 33462
91000 33554
91000 33448
91000 33668
91000 33676
91000 33427
91000 33545
91000 33654
91000 33556
91000 33495
91000 33597
91000 33483
91000 33511
91000 33570
91000 33548
91000 33486
91000 33564
91000 33496
91000 33487
91000 33583
91000 33370
91000 33334
91000 33449
91000 33514
91000 33385
91000 33496
91000 33362
91000 33484
91000 33570
91000 33638
91000 33509
91000 33589
91000 33538
92000 33849
92000 33666
92000 33969
92000 33755
92000 33718
92000 33718
92000 33944
92000 33874
92000 33897
92000 33681
92000 34009
92000 33751
92000 33882
92000 33783
92000 33772
92000 33970
92000 33868
92000 33866
92000 33965
92000 34005
92000 33796
92000 34010
92000 33826
92000 33810
92000 33910
92000 33900
92000 33882
92000 33870
92000 33679
92000 33799
92000 33836
92000 34148
92000 33891
92000 33766
92000 33986
92000 33895
92000 33898
92000 33865
92000 33874
92000 33929
92000 33838
92000 33895
92000 33797
92000 33918
92000 33805
92000 33729
92000 33790
92000 33834
92000 33923
92000 34033
93000 34068
93000 34199
93000 34400
93000 34144
93000 34164
93000 34072
93000 34167
93000 34114
93000 34072
93000 34349
93000 34201
93000 34341
93000 34297
93000 34146
93000 34140
93000 34270
93000 34074
93000 34184
93000 34245
93000 34147
93000 34456
93000 34038
93000 34247
93000 34380
93000 34188
93000 33971
93000 34116
93000 34254
93000 34004
93000 34169
93000 34248
93000 34322
93000 34170
93000 34184
93000 34257
93000 34140
93000 34309
93000 34263
93000 34239
93000 34403
93000 34235
93000 33972
93000 34348
93000 34107
93000 34252
93000 34200
93000 34249
93000 34212
93000 34218
93000 34190
94000 34659
94000 34534
94000 34581
94000 34707
94000 34571
94000 34538
94000 34478
94000 34645
94000 34728
94000 34562
94000 34660
94000 34545
94000 34549
94000 34660
94000 34668
94000 34519
94000 34605
94000 34597
94000 34531
94000 34650
94000 34490
94000 34521
94000 34579
94000 34461
94000 34532
94000 34587
94000 34733
94000 34737
94000 34566
94000 34472
94000 34541
94000 34647
94000 34714
94000 34487
94000 34433
94000 34509
94000 34462
94000 34706
94000 34562
94000 34785
94000 34686
94000 34529
94000 34606
94000 34561
94000 34585
94000 34415
94000 34532
94000 34601
94000 34458
94000 34685
95000 34871
95000 35062
95000 34801
95000 35098
95000 34821
95000 34952
95000 34918
95000 34876
95000 35169
95000 34889
95000 35008
95000 34970
95000 34915
95000 35006
95000 35112
95000 35078
95000 34902
95000 34966
95000 34876
95000 34828
95000 34977
95000 34996
95000 35005
95000 34873
95000 34951
95000 34728
95000 34949
95000 34897
95000 35088
95000 34848
95000 35036
95000 35082
95000 34972
95000 34943
95000 34888
95000 34809
95000 34952
95000 34865
95000 34889
95000 35111
95000 35083
95000 34965
95000 34985
95000 34819
95000 34880
95000 34884
95000 34849
95000 34866
95000 35179
95000 35037
96000 35273
96000 35475
96000 35336
96000 35278
96000 35320
96000 35237
96000 35438
96000 35343
96000 35351
96000 35252
96000 35278
96000 35197
96000 35316
96000 35356
96000 35415
96000 35020
96000 35240
96000 35260
96000 35359
96000 35223
96000 35291
96000 35385
96000 35363
96000 35333
96000 35264
96000 35359
96000 35319
96000 35397
96000 35229
96000 35543
96000 35151
96000 35395
96000 35288
96000 35312
96000 35329
96000 35514
96000 35395
96000 35292
96000 35430
96000 35300
96000 35324
96000 35335
96000 35474
96000 35328
96000 35419
96000 35340
96000 35278
96000 35410
96000 35306
96000 35300
97000 35725
97000 35523
97000 35614
97000 35623
97000 35612
97000 35648
97000 35841
97000 35777
97000 35798
97000 35811
97000 35714
97000 35605
97000 35605
97000 35513
97000 35756
97000 35634
97000 35705
97000 35622
97000 35746
97000 35707
97000 35688
97000 35710
97000 35784
97000 35650
97000 35815
97000 35524
97000 35706
97000 35645
97000 35761
97000 35574
97000 35711
97000 35602
97000 35562
97000 35706
97000 35642
97000 35772
97000 35774
97000 35734
97000 35699
97000 35629
97000 35651
97000 35564
97000 35579
97000 35693
97000 35652
97000 35910
97000 35806
97000 35730
97000 35643
97000 35769
98000 36088
98000 36139
98000 36149
98000 36216
98000 35942
98000 35977
98000 35924
98000 36143
98000 35965
98000 36088
98000 36036
98000 36243
98000 35988
98000 35986
98000 36102
98000 36121
98000 36174
98000 35930
98000 36267
98000 36121
98000 36091
98000 35941
98000 36050
98000 36134
98000 36069
98000 36151
98000 36038
98000 36075
98000 35933
98000 36092
98000 36046
98000 36054
98000 35897
98000 36032
98000 36228
98000 36218
98000 36183
98000 36171
98000 35953
98000 35898
98000 36239
98000 36096
98000 35873
98000 35983
98000 35951
98000 36055
98000 35946
98000 35980
98000 35873
98000 35942
99000 36337
99000 36450
99000 36527
99000 36129
99000 36347
99000 36519
99000 36567
99000 36254
99000 36602
99000 36447
99000 36397
99000 36288
99000 36511
99000 36368
99000 36458
99000 36341
99000 36671
99000 36329
99000 36543
99000 36416
99000 36326
99000 36362
99000 36379
99000 36343
99000 36409
99000 36628
99000 36091
99000 36351
99000 36532
99000 36172
99000 36363
99000 36489
99000 36270
99000 36375
99000 36274
99000 36489
99000 36199
99000 36320
99000 36454
99000 36442
99000 36298
99000 36415
99000 36485
99000 36240
99000 36524
99000 36307
99000 36499
99000 36371
99000 36354
99000 36411
100000 36802
100000 36608
100000 36773
100000 36785
100000 36928
100000 36666
100000 36785
100000 36844
100000 36778
100000 36778
100000 36653
100000 36738
100000 36822
100000 36535
100000 36784
100000 36591
100000 36720
100000 36788
100000 36793
100000 36720
100000 36724
100000 36750
100000 36803
100000 36933
100000 36699
100000 36757
100000 36928
100000 36844
100000 36892
100000 36675
100000 36827
100000 36752
100000 36968
100000 36752
100000 36710
100000 36822
100000 36675
100000 36732
100000 36789
100000 36548
100000 36831
100000 36821
100000 36915
100000 36626
100000 36793
100000 36857
100000 36864
100000 36923
100000 36809
100000 36833
