0.23625 50
0.160312 50
0.261562 50
0.16875 50
0.177187 50
0.151875 50
0.16875 50
0.23625 50
0.23625 50
0.185625 50
0.177187 50
0.2025 50
0.2025 50
0.16875 50
0.219375 50
0.194062 50
0.219375 50
0.210938 50
0.2025 50
0.23625 50
0.194062 50
0.219375 50
0.2025 50
0.194062 50
0.194062 50
0.185625 50
0.194062 50
0.2025 50
0.16875 50
0.2025 50
0.253125 50
0.194062 50
0.210938 50
0.219375 50
0.2025 50
0.177187 50
0.194062 50
0.151875 50
0.16875 50
0.219375 50
0.151875 50
0.194062 50
0.194062 50
0.194062 50
0.16875 50
0.210938 50
0.185625 50
0.2025 50
0.23625 50
0.160312 50
0.23625 100
0.198281 100
0.2025 100
0.206719 100
0.219375 100
0.215156 100
0.194062 100
0.219375 100
0.172969 100
0.16875 100
0.244687 100
0.189844 100
0.232031 100
0.189844 100
0.206719 100
0.23625 100
0.151875 100
0.185625 100
0.215156 100
0.194062 100
0.2025 100
0.223594 100
0.177187 100
0.198281 100
0.206719 100
0.232031 100
0.156094 100
0.189844 100
0.189844 100
0.198281 100
0.198281 100
0.210938 100
0.189844 100
0.215156 100
0.177187 100
0.210938 100
0.151875 100
0.185625 100
0.189844 100
0.210938 100
0.215156 100
0.181406 100
0.223594 100
0.185625 100
0.156094 100
0.2025 100
0.172969 100
0.232031 100
0.156094 100
0.194062 100
0.188438 150
0.16875 150
0.205313 150
0.182813 150
0.210938 150
0.210938 150
0.208125 150
0.216562 150
0.2025 150
0.199687 150
0.216562 150
0.182813 150
0.182813 150
0.199687 150
0.188438 150
0.19125 150
0.196875 150
0.18 150
0.210938 150
0.205313 150
0.16875 150
0.208125 150
0.2025 150
0.23625 150
0.222187 150
0.196875 150
0.216562 150
0.19125 150
0.174375 150
0.185625 150
0.177187 150
0.196875 150
0.185625 150
0.21375 150
0.19125 150
0.205313 150
0.177187 150
0.199687 150
0.210938 150
0.199687 150
0.199687 150
0.210938 150
0.216562 150
0.239062 150
0.18 150
0.219375 150
0.21375 150
0.216562 150
0.18 150
0.208125 150
0.217266 200
0.210938 200
0.213047 200
0.213047 200
0.172969 200
0.196172 200
0.219375 200
0.204609 200
0.210938 200
0.213047 200
0.213047 200
0.204609 200
0.198281 200
0.189844 200
0.223594 200
0.198281 200
0.206719 200
0.206719 200
0.198281 200
0.225703 200
0.198281 200
0.175078 200
0.175078 200
0.185625 200
0.200391 200
0.187734 200
0.219375 200
0.213047 200
0.217266 200
0.196172 200
0.198281 200
0.238359 200
0.240469 200
0.200391 200
0.198281 200
0.198281 200
0.223594 200
0.177187 200
0.213047 200
0.238359 200
0.217266 200
0.210938 200
0.200391 200
0.191953 200
0.200391 200
0.221484 200
0.206719 200
0.210938 200
0.172969 200
0.198281 200
0.207562 250
0.20925 250
0.178875 250
0.185625 250
0.197438 250
0.205875 250
0.231188 250
0.189 250
0.199125 250
0.190688 250
0.204187 250
0.177187 250
0.192375 250
0.190688 250
0.205875 250
0.194062 250
0.189 250
0.2025 250
0.189 250
0.199125 250
0.199125 250
0.241312 250
0.185625 250
0.210938 250
0.205875 250
0.20925 250
0.197438 250
0.2025 250
0.207562 250
0.192375 250
0.192375 250
0.200813 250
0.20925 250
0.177187 250
0.216 250
0.197438 250
0.194062 250
0.200813 250
0.183938 250
0.197438 250
0.199125 250
0.200813 250
0.199125 250
0.204187 250
0.2025 250
0.18225 250
0.22275 250
0.2025 250
0.199125 250
0.207562 250
0.184219 300
0.201094 300
0.225 300
0.216562 300
0.21375 300
0.201094 300
0.185625 300
0.194062 300
0.201094 300
0.189844 300
0.187031 300
0.182813 300
0.210938 300
0.199687 300
0.209531 300
0.199687 300
0.196875 300
0.210938 300
0.195469 300
0.195469 300
0.198281 300
0.196875 300
0.199687 300
0.21375 300
0.19125 300
0.196875 300
0.174375 300
0.195469 300
0.199687 300
0.210938 300
0.192656 300
0.201094 300
0.188438 300
0.185625 300
0.174375 300
0.217969 300
0.201094 300
0.205313 300
0.198281 300
0.187031 300
0.212344 300
0.2025 300
0.203906 300
0.199687 300
0.19125 300
0.196875 300
0.203906 300
0.210938 300
0.19125 300
0.192656 300
0.213348 350
0.201295 350
0.198884 350
0.206116 350
0.196473 350
0.213348 350
0.200089 350
0.179598 350
0.204911 350
0.200089 350
0.196473 350
0.190446 350
0.204911 350
0.198884 350
0.175982 350
0.190446 350
0.200089 350
0.208527 350
0.192857 350
0.208527 350
0.188036 350
0.208527 350
0.210938 350
0.219375 350
0.195268 350
0.204911 350
0.191652 350
0.190446 350
0.201295 350
0.179598 350
0.180804 350
0.2025 350
0.212143 350
0.196473 350
0.183214 350
0.2025 350
0.204911 350
0.215759 350
0.191652 350
0.2025 350
0.196473 350
0.207321 350
0.178393 350
0.197679 350
0.201295 350
0.18442 350
0.200089 350
0.194062 350
0.196473 350
0.190446 350
0.205664 400
0.21832 400
0.18457 400
0.206719 400
0.190898 400
0.194062 400
0.199336 400
0.216211 400
0.205664 400
0.198281 400
0.201445 400
0.213047 400
0.210938 400
0.194062 400
0.191953 400
0.206719 400
0.197227 400
0.204609 400
0.196172 400
0.198281 400
0.201445 400
0.205664 400
0.188789 400
0.2025 400
0.208828 400
0.210938 400
0.203555 400
0.2025 400
0.201445 400
0.181406 400
0.190898 400
0.193008 400
0.201445 400
0.195117 400
0.210938 400
0.191953 400
0.206719 400
0.193008 400
0.198281 400
0.191953 400
0.205664 400
0.197227 400
0.196172 400
0.197227 400
0.209883 400
0.194062 400
0.197227 400
0.205664 400
0.200391 400
0.187734 400
0.19125 450
0.196875 450
0.19875 450
0.22125 450
0.18375 450
0.204375 450
0.18 450
0.208125 450
0.205313 450
0.192187 450
0.192187 450
0.207187 450
0.189375 450
0.195 450
0.19125 450
0.208125 450
0.204375 450
0.19875 450
0.193125 450
0.200625 450
0.195937 450
0.210938 450
0.196875 450
0.219375 450
0.208125 450
0.205313 450
0.19875 450
0.20625 450
0.207187 450
0.195 450
0.189375 450
0.20625 450
0.207187 450
0.197813 450
0.216562 450
0.18 450
0.201563 450
0.205313 450
0.209063 450
0.207187 450
0.204375 450
0.185625 450
0.211875 450
0.192187 450
0.203437 450
0.199687 450
0.208125 450
0.200625 450
0.18375 450
0.193125 450
0.184781 500
0.204187 500
0.200813 500
0.20925 500
0.204187 500
0.206719 500
0.189 500
0.197438 500
0.2295 500
0.20925 500
0.204187 500
0.2025 500
0.192375 500
0.188156 500
0.191531 500
0.206719 500
0.199969 500
0.197438 500
0.19575 500
0.189844 500
0.199969 500
0.19575 500
0.204187 500
0.207562 500
0.194062 500
0.199125 500
0.206719 500
0.20925 500
0.189844 500
0.194906 500
0.183094 500
0.198281 500
0.201656 500
0.206719 500
0.205031 500
0.198281 500
0.206719 500
0.198281 500
0.198281 500
0.201656 500
0.213469 500
0.206719 500
0.193219 500
0.207562 500
0.194062 500
0.197438 500
0.184781 500
0.19575 500
0.205875 500
0.2025 500
0.210938 550
0.187926 550
0.178722 550
0.207869 550
0.197131 550
0.186392 550
0.204801 550
0.209403 550
0.187159 550
0.177955 550
0.193295 550
0.217074 550
0.192528 550
0.211705 550
0.204034 550
0.195597 550
0.201733 550
0.186392 550
0.194062 550
0.206335 550
0.208636 550
0.190994 550
0.205568 550
0.195597 550
0.207102 550
0.198665 550
0.222443 550
0.212472 550
0.193295 550
0.207869 550
0.195597 550
0.192528 550
0.208636 550
0.200199 550
0.197131 550
0.218608 550
0.199432 550
0.194062 550
0.221676 550
0.197898 550
0.193295 550
0.222443 550
0.205568 550
0.195597 550
0.195597 550
0.21017 550
0.19483 550
0.204034 550
0.197898 550
0.203267 550
0.206016 600
0.207422 600
0.194766 600
0.205313 600
0.213047 600
0.211641 600
0.213047 600
0.206719 600
0.219375 600
0.199687 600
0.207422 600
0.206016 600
0.216562 600
0.184922 600
0.211641 600
0.206719 600
0.193359 600
0.208828 600
0.207422 600
0.208125 600
0.210938 600
0.204609 600
0.184922 600
0.183516 600
0.200391 600
0.194062 600
0.195469 600
0.203203 600
0.18 600
0.197578 600
0.195469 600
0.209531 600
0.201797 600
0.192656 600
0.208828 600
0.216562 600
0.196875 600
0.190547 600
0.197578 600
0.195469 600
0.203906 600
0.187734 600
0.195469 600
0.191953 600
0.200391 600
0.189141 600
0.193359 600
0.203203 600
0.196875 600
0.204609 600
0.20899 650
0.200553 650
0.193413 650
0.208341 650
0.198606 650
0.201851 650
0.203149 650
0.2025 650
0.195361 650
0.191466 650
0.199255 650
0.200553 650
0.203149 650
0.218077 650
0.18887 650
0.204447 650
0.186923 650
0.197957 650
0.200553 650
0.203149 650
0.198606 650
0.206394 650
0.191466 650
0.201202 650
0.193413 650
0.199904 650
0.205096 650
0.228462 650
0.199904 650
0.207692 650
0.203149 650
0.194062 650
0.194062 650
0.192115 650
0.2025 650
0.197308 650
0.216779 650
0.204447 650
0.198606 650
0.20899 650
0.188221 650
0.187572 650
0.192764 650
0.2025 650
0.19601 650
0.192115 650
0.189519 650
0.207692 650
0.209639 650
0.197308 650
0.186228 700
0.194062 700
0.18683 700
0.18442 700
0.198281 700
0.195268 700
0.187433 700
0.207924 700
0.195871 700
0.210938 700
0.199487 700
0.204308 700
0.205513 700
0.213348 700
0.197679 700
0.209732 700
0.191652 700
0.206116 700
0.192857 700
0.189241 700
0.2025 700
0.209732 700
0.201295 700
0.191652 700
0.219375 700
0.204308 700
0.2025 700
0.198281 700
0.207321 700
0.195268 700
0.200692 700
0.2025 700
0.210335 700
0.199487 700
0.2025 700
0.205513 700
0.2025 700
0.196473 700
0.200089 700
0.207924 700
0.191049 700
0.192857 700
0.190446 700
0.208527 700
0.198281 700
0.197679 700
0.199487 700
0.188638 700
0.191049 700
0.205513 700
0.201938 750
0.201375 750
0.196875 750
0.201938 750
0.2115 750
0.210375 750
0.214875 750
0.203625 750
0.198 750
0.198 750
0.199125 750
0.194625 750
0.208125 750
0.20925 750
0.20475 750
0.199125 750
0.212625 750
0.192375 750
0.185062 750
0.190125 750
0.205875 750
0.212063 750
0.197438 750
0.21825 750
0.187875 750
0.21825 750
0.197438 750
0.196313 750
0.19575 750
0.2025 750
0.192937 750
0.196313 750
0.200813 750
0.196875 750
0.1935 750
0.20475 750
0.183375 750
0.20025 750
0.196313 750
0.194062 750
0.205313 750
0.1935 750
0.203063 750
0.194625 750
0.201938 750
0.187312 750
0.194062 750
0.199687 750
0.2025 750
0.20925 750
0.207246 800
0.208301 800
0.206191 800
0.214629 800
0.188262 800
0.204082 800
0.191426 800
0.187734 800
0.203555 800
0.195645 800
0.199863 800
0.196172 800
0.18668 800
0.206191 800
0.180879 800
0.207773 800
0.207246 800
0.195645 800
0.193008 800
0.19459 800
0.217793 800
0.190898 800
0.200918 800
0.197754 800
0.201445 800
0.200918 800
0.208828 800
0.196699 800
0.203555 800
0.205137 800
0.191953 800
0.191426 800
0.199863 800
0.189844 800
0.199336 800
0.201445 800
0.208301 800
0.195645 800
0.206191 800
0.206719 800
0.196172 800
0.185098 800
0.200391 800
0.2025 800
0.22623 800
0.200391 800
0.208828 800
0.194062 800
0.203555 800
0.203027 800
0.206967 850
0.206471 850
0.216893 850
0.199522 850
0.195551 850
0.208456 850
0.200018 850
0.21193 850
0.192077 850
0.194062 850
0.211434 850
0.2025 850
0.20796 850
0.20796 850
0.198033 850
0.2025 850
0.198529 850
0.208952 850
0.20796 850
0.199026 850
0.195055 850
0.208456 850
0.184136 850
0.205974 850
0.203989 850
0.201507 850
0.193566 850
0.205478 850
0.2025 850
0.2025 850
0.196048 850
0.209945 850
0.204485 850
0.201507 850
0.197537 850
0.199522 850
0.206471 850
0.192574 850
0.200018 850
0.203989 850
0.202004 850
0.203989 850
0.190588 850
0.195055 850
0.202996 850
0.203493 850
0.198033 850
0.192574 850
0.2025 850
0.191085 850
0.199219 900
0.199687 900
0.205781 900
0.198281 900
0.199219 900
0.192187 900
0.195937 900
0.195 900
0.199219 900
0.211875 900
0.196875 900
0.203437 900
0.208125 900
0.2025 900
0.195937 900
0.188906 900
0.19875 900
0.204375 900
0.199219 900
0.194062 900
0.190781 900
0.193125 900
0.20625 900
0.187969 900
0.199219 900
0.195469 900
0.191719 900
0.194531 900
0.1875 900
0.196406 900
0.2025 900
0.20625 900
0.202969 900
0.196406 900
0.19875 900
0.190312 900
0.208125 900
0.198281 900
0.191719 900
0.191719 900
0.205781 900
0.200156 900
0.196875 900
0.204375 900
0.198281 900
0.191719 900
0.197344 900
0.200625 900
0.198281 900
0.194062 900
0.205164 950
0.200724 950
0.195395 950
0.185181 950
0.198503 950
0.202944 950
0.206941 950
0.195395 950
0.195395 950
0.215822 950
0.199836 950
0.198503 950
0.207829 950
0.218043 950
0.196283 950
0.202056 950
0.194062 950
0.194507 950
0.2025 950
0.191842 950
0.194951 950
0.198947 950
0.198503 950
0.196727 950
0.181628 950
0.208717 950
0.198503 950
0.193618 950
0.196727 950
0.213602 950
0.195839 950
0.208717 950
0.203388 950
0.203388 950
0.185625 950
0.202056 950
0.194507 950
0.192286 950
0.194062 950
0.200724 950
0.203832 950
0.202056 950
0.210938 950
0.19273 950
0.194951 950
0.199836 950
0.211826 950
0.188289 950
0.189178 950
0.193618 950
0.191109 1000
0.189 1000
0.201656 1000
0.196172 1000
0.206297 1000
0.191953 1000
0.20925 1000
0.199125 1000
0.187734 1000
0.213047 1000
0.207984 1000
0.201234 1000
0.200391 1000
0.200391 1000
0.204609 1000
0.197859 1000
0.188156 1000
0.2025 1000
0.2025 1000
0.196594 1000
0.202922 1000
0.195328 1000
0.191531 1000
0.19575 1000
0.205453 1000
0.197859 1000
0.204187 1000
0.213469 1000
0.186891 1000
0.200813 1000
0.19575 1000
0.208828 1000
0.193641 1000
0.191531 1000
0.206297 1000
0.195328 1000
0.205875 1000
0.208828 1000
0.19575 1000
0.212625 1000
0.201234 1000
0.200391 1000
0.19575 1000
0.204187 1000
0.191531 1000
0.193219 1000
0.202922 1000
0.193641 1000
0.199969 1000
0.200813 1000
0.204107 1050
0.202098 1050
0.200089 1050
0.196875 1050
0.190045 1050
0.210938 1050
0.202098 1050
0.190446 1050
0.201696 1050
0.19567 1050
0.189241 1050
0.200089 1050
0.194062 1050
0.204107 1050
0.204911 1050
0.208125 1050
0.205313 1050
0.196473 1050
0.196473 1050
0.200089 1050
0.194464 1050
0.207723 1050
0.205313 1050
0.204509 1050
0.18683 1050
0.202902 1050
0.203304 1050
0.200893 1050
0.207321 1050
0.204509 1050
0.200089 1050
0.210134 1050
0.207321 1050
0.193661 1050
0.18442 1050
0.204509 1050
0.203304 1050
0.190446 1050
0.199286 1050
0.208125 1050
0.19125 1050
0.202902 1050
0.205714 1050
0.192857 1050
0.199687 1050
0.201295 1050
0.203705 1050
0.193661 1050
0.194062 1050
0.20933 1050
0.201349 1100
0.205568 1100
0.198281 1100
0.205568 1100
0.202116 1100
0.205568 1100
0.200966 1100
0.199048 1100
0.205952 1100
0.196747 1100
0.200582 1100
0.18946 1100
0.197898 1100
0.197514 1100
0.191761 1100
0.196364 1100
0.194446 1100
0.198281 1100
0.211705 1100
0.203267 1100
0.192145 1100
0.193295 1100
0.205952 1100
0.205185 1100
0.190611 1100
0.19483 1100
0.216307 1100
0.214773 1100
0.195597 1100
0.207486 1100
0.200582 1100
0.195597 1100
0.190227 1100
0.197514 1100
0.194062 1100
0.206335 1100
0.195597 1100
0.203651 1100
0.194062 1100
0.198281 1100
0.2025 1100
0.201349 1100
0.201349 1100
0.203267 1100
0.197514 1100
0.208253 1100
0.204418 1100
0.205568 1100
0.197514 1100
0.207486 1100
0.209837 1150
0.194796 1150
0.203967 1150
0.203967 1150
0.192228 1150
0.19663 1150
0.199565 1150
0.202133 1150
0.205802 1150
0.196997 1150
0.197364 1150
0.199198 1150
0.192962 1150
0.201766 1150
0.203601 1150
0.211671 1150
0.199198 1150
0.192228 1150
0.184158 1150
0.195897 1150
0.199932 1150
0.200666 1150
0.205435 1150
0.18966 1150
0.196997 1150
0.206535 1150
0.207269 1150
0.198098 1150
0.210938 1150
0.199565 1150
0.19663 1150
0.20837 1150
0.197731 1150
0.174253 1150
0.193696 1150
0.192228 1150
0.191495 1150
0.207636 1150
0.201766 1150
0.19553 1150
0.208003 1150
0.197364 1150
0.201033 1150
0.195897 1150
0.192228 1150
0.203601 1150
0.207636 1150
0.212038 1150
0.200666 1150
0.197364 1150
0.197578 1200
0.193711 1200
0.191953 1200
0.203906 1200
0.198633 1200
0.198984 1200
0.196523 1200
0.199687 1200
0.198633 1200
0.202148 1200
0.205313 1200
0.196523 1200
0.210586 1200
0.200039 1200
0.194062 1200
0.201094 1200
0.197227 1200
0.198281 1200
0.195469 1200
0.208125 1200
0.204258 1200
0.187383 1200
0.199336 1200
0.200742 1200
0.210234 1200
0.198633 1200
0.205313 1200
0.2025 1200
0.181055 1200
0.200391 1200
0.19582 1200
0.198984 1200
0.201094 1200
0.201094 1200
0.212695 1200
0.192305 1200
0.207773 1200
0.203203 1200
0.199687 1200
0.195117 1200
0.210586 1200
0.190898 1200
0.203203 1200
0.201797 1200
0.200742 1200
0.201797 1200
0.201094 1200
0.193359 1200
0.193711 1200
0.207773 1200
0.195075 1250
0.187988 1250
0.21195 1250
0.198112 1250
0.203175 1250
0.20385 1250
0.200475 1250
0.199462 1250
0.201488 1250
0.195412 1250
0.196762 1250
0.1917 1250
0.197775 1250
0.203175 1250
0.1971 1250
0.20385 1250
0.199462 1250
0.19845 1250
0.192712 1250
0.204187 1250
0.195075 1250
0.202162 1250
0.201488 1250
0.2052 1250
0.196425 1250
0.208237 1250
0.190013 1250
0.19845 1250
0.196087 1250
0.201488 1250
0.201825 1250
0.197775 1250
0.198788 1250
0.195075 1250
0.1944 1250
0.200813 1250
0.203175 1250
0.206212 1250
0.19575 1250
0.187312 1250
0.202838 1250
0.200813 1250
0.196425 1250
0.201488 1250
0.19845 1250
0.183262 1250
0.200137 1250
0.1998 1250
0.200813 1250
0.192712 1250
0.200553 1300
0.203149 1300
0.196983 1300
0.196983 1300
0.199579 1300
0.201526 1300
0.195361 1300
0.201526 1300
0.198606 1300
0.199904 1300
0.186599 1300
0.196334 1300
0.195685 1300
0.205096 1300
0.207368 1300
0.201202 1300
0.200228 1300
0.191791 1300
0.204447 1300
0.2025 1300
0.199904 1300
0.192764 1300
0.19893 1300
0.205745 1300
0.195361 1300
0.192764 1300
0.193413 1300
0.200877 1300
0.19601 1300
0.191466 1300
0.199579 1300
0.202175 1300
0.196659 1300
0.19601 1300
0.192764 1300
0.187897 1300
0.19244 1300
0.197308 1300
0.198606 1300
0.210288 1300
0.20899 1300
0.203798 1300
0.198281 1300
0.210613 1300
0.196983 1300
0.205745 1300
0.192764 1300
0.189519 1300
0.198606 1300
0.20899 1300
0.204063 1350
0.200313 1350
0.193125 1350
0.20125 1350
0.204687 1350
0.199375 1350
0.186563 1350
0.218438 1350
0.196563 1350
0.20625 1350
0.192187 1350
0.193437 1350
0.204063 1350
0.200313 1350
0.202188 1350
0.197187 1350
0.199375 1350
0.199687 1350
0.1975 1350
0.205 1350
0.196875 1350
0.210313 1350
0.197813 1350
0.200937 1350
0.20125 1350
0.19875 1350
0.215 1350
0.200313 1350
0.202188 1350
0.198438 1350
0.199063 1350
0.200313 1350
0.19375 1350
0.208125 1350
0.1875 1350
0.2 1350
0.208125 1350
0.200937 1350
0.192187 1350
0.2075 1350
0.195312 1350
0.198438 1350
0.188125 1350
0.193125 1350
0.203125 1350
0.20875 1350
0.209063 1350
0.198438 1350
0.200625 1350
0.2025 1350
0.202801 1400
0.204911 1400
0.198884 1400
0.206116 1400
0.19798 1400
0.197377 1400
0.2025 1400
0.209129 1400
0.2025 1400
0.205212 1400
0.192556 1400
0.200391 1400
0.203103 1400
0.199185 1400
0.201897 1400
0.191953 1400
0.193761 1400
0.200692 1400
0.2025 1400
0.194665 1400
0.198884 1400
0.201897 1400
0.194062 1400
0.199185 1400
0.200089 1400
0.197679 1400
0.197679 1400
0.207924 1400
0.200391 1400
0.207924 1400
0.207924 1400
0.195871 1400
0.201295 1400
0.204308 1400
0.204308 1400
0.2025 1400
0.208527 1400
0.20702 1400
0.207321 1400
0.202801 1400
0.208527 1400
0.200993 1400
0.199788 1400
0.202199 1400
0.206719 1400
0.199185 1400
0.203103 1400
0.206417 1400
0.196172 1400
0.197076 1400
0.199009 1450
0.200463 1450
0.194935 1450
0.202209 1450
0.189989 1450
0.2025 1450
0.195226 1450
0.200463 1450
0.188534 1450
0.208028 1450
0.198718 1450
0.205991 1450
0.191153 1450
0.194644 1450
0.197554 1450
0.204246 1450
0.205409 1450
0.2057 1450
0.204246 1450
0.208901 1450
0.20861 1450
0.204828 1450
0.201627 1450
0.192608 1450
0.195226 1450
0.197845 1450
0.212101 1450
0.191444 1450
0.200754 1450
0.205409 1450
0.201918 1450
0.208901 1450
0.205991 1450
0.192899 1450
0.206864 1450
0.198136 1450
0.201045 1450
0.203664 1450
0.191735 1450
0.200754 1450
0.201627 1450
0.197263 1450
0.207737 1450
0.192026 1450
0.201045 1450
0.199591 1450
0.201045 1450
0.201627 1450
0.194644 1450
0.200172 1450
0.197719 1500
0.202781 1500
0.197438 1500
0.204187 1500
0.199406 1500
0.199406 1500
0.201938 1500
0.193219 1500
0.197438 1500
0.199687 1500
0.201094 1500
0.199687 1500
0.202781 1500
0.199125 1500
0.196031 1500
0.198563 1500
0.202219 1500
0.20475 1500
0.2025 1500
0.205313 1500
0.197719 1500
0.194344 1500
0.208406 1500
0.205031 1500
0.212063 1500
0.204469 1500
0.19125 1500
0.203906 1500
0.192656 1500
0.202219 1500
0.2025 1500
0.193219 1500
0.211219 1500
0.201656 1500
0.2025 1500
0.207281 1500
0.194906 1500
0.200813 1500
0.205875 1500
0.190969 1500
0.198844 1500
0.200531 1500
0.203344 1500
0.205031 1500
0.197156 1500
0.205594 1500
0.198281 1500
0.198 1500
0.205031 1500
0.201938 1500
0.200867 1550
0.195696 1550
0.192702 1550
0.207399 1550
0.209032 1550
0.193518 1550
0.20005 1550
0.202228 1550
0.204133 1550
0.20005 1550
0.198417 1550
0.205766 1550
0.203589 1550
0.198145 1550
0.200595 1550
0.203044 1550
0.202772 1550
0.195968 1550
0.197873 1550
0.206583 1550
0.196512 1550
0.201411 1550
0.203589 1550
0.196784 1550
0.201139 1550
0.19869 1550
0.20495 1550
0.200867 1550
0.197873 1550
0.196512 1550
0.192157 1550
0.204677 1550
0.199234 1550
0.203861 1550
0.21121 1550
0.202772 1550
0.199506 1550
0.198417 1550
0.201956 1550
0.204133 1550
0.201683 1550
0.199506 1550
0.20876 1550
0.209849 1550
0.203589 1550
0.201683 1550
0.201411 1550
0.19624 1550
0.191613 1550
0.195968 1550
0.203818 1600
0.214893 1600
0.200127 1600
0.211201 1600
0.198809 1600
0.204082 1600
0.201709 1600
0.1996 1600
0.18958 1600
0.188525 1600
0.199072 1600
0.209355 1600
0.208301 1600
0.198281 1600
0.204346 1600
0.209619 1600
0.197227 1600
0.195908 1600
0.204609 1600
0.200918 1600
0.204082 1600
0.201182 1600
0.198809 1600
0.201709 1600
0.195645 1600
0.194854 1600
0.205137 1600
0.189316 1600
0.192217 1600
0.211465 1600
0.188525 1600
0.203027 1600
0.204873 1600
0.19459 1600
0.190898 1600
0.196436 1600
0.203027 1600
0.201445 1600
0.201445 1600
0.201709 1600
0.201445 1600
0.190898 1600
0.186943 1600
0.205928 1600
0.19459 1600
0.201709 1600
0.203027 1600
0.203818 1600
0.198018 1600
0.19248 1600
0.201733 1650
0.200199 1650
0.205057 1650
0.204034 1650
0.198665 1650
0.19483 1650
0.196619 1650
0.194318 1650
0.201477 1650
0.195852 1650
0.190739 1650
0.198665 1650
0.201477 1650
0.203523 1650
0.199687 1650
0.209915 1650
0.196364 1650
0.204801 1650
0.201222 1650
0.2025 1650
0.199943 1650
0.193551 1650
0.20071 1650
0.199432 1650
0.201733 1650
0.199687 1650
0.190994 1650
0.196364 1650
0.197386 1650
0.198665 1650
0.199176 1650
0.194062 1650
0.198665 1650
0.192273 1650
0.20071 1650
0.20429 1650
0.195341 1650
0.20429 1650
0.197131 1650
0.194062 1650
0.197642 1650
0.200199 1650
0.193807 1650
0.196875 1650
0.192784 1650
0.203267 1650
0.202756 1650
0.19892 1650
0.198409 1650
0.2025 1650
0.195055 1700
0.196544 1700
0.189347 1700
0.204485 1700
0.210938 1700
0.196296 1700
0.195551 1700
0.19977 1700
0.194311 1700
0.208208 1700
0.198529 1700
0.20523 1700
0.2025 1700
0.191829 1700
0.205974 1700
0.204733 1700
0.198778 1700
0.205974 1700
0.203244 1700
0.202748 1700
0.205726 1700
0.197289 1700
0.197785 1700
0.19704 1700
0.197785 1700
0.203741 1700
0.204485 1700
0.205974 1700
0.193566 1700
0.203244 1700
0.195055 1700
0.194311 1700
0.197537 1700
0.200267 1700
0.201756 1700
0.187858 1700
0.201011 1700
0.201011 1700
0.194807 1700
0.200018 1700
0.198281 1700
0.203244 1700
0.209449 1700
0.204237 1700
0.210441 1700
0.200515 1700
0.203244 1700
0.204237 1700
0.204733 1700
0.194807 1700
0.193339 1750
0.201536 1750
0.199607 1750
0.199125 1750
0.189964 1750
0.190688 1750
0.20708 1750
0.207804 1750
0.208768 1750
0.201295 1750
0.202018 1750
0.206598 1750
0.196473 1750
0.195991 1750
0.210696 1750
0.197196 1750
0.198161 1750
0.203705 1750
0.2025 1750
0.19792 1750
0.207321 1750
0.194786 1750
0.203223 1750
0.207804 1750
0.196232 1750
0.198643 1750
0.203464 1750
0.2025 1750
0.201777 1750
0.207321 1750
0.202018 1750
0.196955 1750
0.202259 1750
0.200089 1750
0.196714 1750
0.204429 1750
0.204429 1750
0.194062 1750
0.199848 1750
0.203223 1750
0.200813 1750
0.195991 1750
0.196232 1750
0.2025 1750
0.198884 1750
0.198884 1750
0.204187 1750
0.197438 1750
0.197679 1750
0.202982 1750
0.215859 1800
0.195937 1800
0.204844 1800
0.199453 1800
0.192422 1800
0.19125 1800
0.201797 1800
0.198047 1800
0.197813 1800
0.197344 1800
0.197813 1800
0.203437 1800
0.203672 1800
0.208125 1800
0.205078 1800
0.190078 1800
0.201797 1800
0.194297 1800
0.200391 1800
0.187734 1800
0.195469 1800
0.198516 1800
0.198047 1800
0.205781 1800
0.203672 1800
0.196875 1800
0.206484 1800
0.202734 1800
0.193125 1800
0.197813 1800
0.208359 1800
0.192656 1800
0.201328 1800
0.201094 1800
0.198516 1800
0.198047 1800
0.198281 1800
0.201094 1800
0.197578 1800
0.207656 1800
0.201328 1800
0.203672 1800
0.201094 1800
0.201563 1800
0.196406 1800
0.203906 1800
0.202969 1800
0.205313 1800
0.198281 1800
0.209766 1800
0.198167 1850
0.201132 1850
0.202044 1850
0.188361 1850
0.20022 1850
0.202044 1850
0.198167 1850
0.201132 1850
0.205693 1850
0.201816 1850
0.20364 1850
0.198395 1850
0.198623 1850
0.200448 1850
0.198167 1850
0.195887 1850
0.20478 1850
0.201132 1850
0.205236 1850
0.190186 1850
0.196115 1850
0.193606 1850
0.200904 1850
0.201132 1850
0.197939 1850
0.202956 1850
0.203412 1850
0.196571 1850
0.202956 1850
0.198395 1850
0.201816 1850
0.206149 1850
0.205236 1850
0.209797 1850
0.199764 1850
0.200904 1850
0.199764 1850
0.194975 1850
0.19201 1850
0.198395 1850
0.196343 1850
0.207517 1850
0.195659 1850
0.203184 1850
0.202044 1850
0.196571 1850
0.201816 1850
0.209113 1850
0.189502 1850
0.195203 1850
0.206275 1900
0.209161 1900
0.188512 1900
0.203166 1900
0.199613 1900
0.206275 1900
0.192952 1900
0.194951 1900
0.203166 1900
0.20028 1900
0.198281 1900
0.20361 1900
0.206275 1900
0.203388 1900
0.20361 1900
0.201168 1900
0.208939 1900
0.196505 1900
0.206497 1900
0.205831 1900
0.192064 1900
0.203388 1900
0.204942 1900
0.205387 1900
0.202722 1900
0.206053 1900
0.197171 1900
0.202944 1900
0.194729 1900
0.203166 1900
0.203388 1900
0.198503 1900
0.199613 1900
0.204942 1900
0.196283 1900
0.193618 1900
0.200058 1900
0.198503 1900
0.204498 1900
0.191398 1900
0.199169 1900
0.192952 1900
0.204942 1900
0.200724 1900
0.195173 1900
0.196061 1900
0.198281 1900
0.203832 1900
0.205164 1900
0.199613 1900
0.19774 1950
0.198606 1950
0.204231 1950
0.200337 1950
0.193197 1950
0.196659 1950
0.201202 1950
0.205529 1950
0.204663 1950
0.202933 1950
0.201635 1950
0.202716 1950
0.201851 1950
0.200986 1950
0.201851 1950
0.201202 1950
0.198822 1950
0.203149 1950
0.194712 1950
0.202716 1950
0.195144 1950
0.205745 1950
0.196226 1950
0.200553 1950
0.194928 1950
0.20899 1950
0.194062 1950
0.204014 1950
0.202716 1950
0.207909 1950
0.201635 1950
0.203365 1950
0.204447 1950
0.197091 1950
0.204014 1950
0.2025 1950
0.193197 1950
0.195793 1950
0.206611 1950
0.205745 1950
0.198606 1950
0.204231 1950
0.19363 1950
0.201418 1950
0.201635 1950
0.199687 1950
0.19601 1950
0.202716 1950
0.195577 1950
0.190601 1950
0.197438 2000
0.197438 2000
0.19807 2000
0.19575 2000
0.202078 2000
0.200391 2000
0.195117 2000
0.189633 2000
0.198281 2000
0.191953 2000
0.202078 2000
0.202711 2000
0.200602 2000
0.196805 2000
0.205875 2000
0.206508 2000
0.206719 2000
0.199758 2000
0.199125 2000
0.192164 2000
0.201234 2000
0.208406 2000
0.20925 2000
0.203344 2000
0.202289 2000
0.196805 2000
0.197227 2000
0.201656 2000
0.203766 2000
0.204187 2000
0.202078 2000
0.190898 2000
0.201445 2000
0.202711 2000
0.19807 2000
0.196594 2000
0.20482 2000
0.194273 2000
0.202078 2000
0.196383 2000
0.193852 2000
0.198703 2000
0.196172 2000
0.198281 2000
0.191531 2000
0.206086 2000
0.205031 2000
0.189633 2000
0.199125 2000
0.204187 2000
0.198384 2050
0.20003 2050
0.194886 2050
0.197355 2050
0.203941 2050
0.197973 2050
0.201471 2050
0.194268 2050
0.202088 2050
0.201265 2050
0.195915 2050
0.189741 2050
0.201471 2050
0.203117 2050
0.197973 2050
0.205793 2050
0.200236 2050
0.194886 2050
0.198384 2050
0.200648 2050
0.211349 2050
0.200648 2050
0.206822 2050
0.201677 2050
0.199825 2050
0.206616 2050
0.201265 2050
0.209909 2050
0.202912 2050
0.203941 2050
0.2025 2050
0.202706 2050
0.197355 2050
0.2025 2050
0.209085 2050
0.204558 2050
0.204352 2050
0.21032 2050
0.201265 2050
0.19468 2050
0.200648 2050
0.199002 2050
0.201471 2050
0.19859 2050
0.197767 2050
0.201883 2050
0.198796 2050
0.202294 2050
0.203735 2050
0.200854 2050
0.195268 2100
0.204308 2100
0.203906 2100
0.190446 2100
0.204911 2100
0.199888 2100
0.198683 2100
0.203906 2100
0.207522 2100
0.209933 2100
0.199888 2100
0.20471 2100
0.199487 2100
0.197679 2100
0.199888 2100
0.203906 2100
0.199888 2100
0.197679 2100
0.201696 2100
0.203504 2100
0.207321 2100
0.2025 2100
0.20029 2100
0.196071 2100
0.208929 2100
0.198482 2100
0.205915 2100
0.200491 2100
0.203705 2100
0.196674 2100
0.195268 2100
0.198884 2100
0.203906 2100
0.197879 2100
0.203304 2100
0.201696 2100
0.200089 2100
0.202098 2100
0.199085 2100
0.198281 2100
0.197478 2100
0.194464 2100
0.193862 2100
0.194062 2100
0.202299 2100
0.203304 2100
0.205513 2100
0.208125 2100
0.197679 2100
0.204107 2100
0.201911 2150
0.200734 2150
0.202304 2150
0.202696 2150
0.202108 2150
0.190138 2150
0.19524 2150
0.201911 2150
0.200145 2150
0.197791 2150
0.194062 2150
0.198772 2150
0.206621 2150
0.2025 2150
0.202696 2150
0.199164 2150
0.206032 2150
0.19524 2150
0.197006 2150
0.199164 2150
0.206032 2150
0.203481 2150
0.201911 2150
0.200342 2150
0.214862 2150
0.194062 2150
0.200734 2150
0.193866 2150
0.198772 2150
0.2025 2150
0.201715 2150
0.204266 2150
0.205247 2150
0.208975 2150
0.203874 2150
0.20093 2150
0.198183 2150
0.200342 2150
0.201519 2150
0.2025 2150
0.19936 2150
0.195828 2150
0.200734 2150
0.201715 2150
0.20407 2150
0.20564 2150
0.194062 2150
0.206032 2150
0.200342 2150
0.202304 2150
0.206911 2200
0.202884 2200
0.196939 2200
0.193487 2200
0.200966 2200
0.193295 2200
0.191761 2200
0.200199 2200
0.190803 2200
0.196172 2200
0.189652 2200
0.199624 2200
0.199048 2200
0.191378 2200
0.190994 2200
0.192912 2200
0.196364 2200
0.200966 2200
0.191953 2200
0.201158 2200
0.198665 2200
0.197514 2200
0.194062 2200
0.19598 2200
0.207294 2200
0.202308 2200
0.196172 2200
0.192912 2200
0.197514 2200
0.204993 2200
0.203459 2200
0.199815 2200
0.204609 2200
0.195597 2200
0.19924 2200
0.199432 2200
0.202116 2200
0.201158 2200
0.202116 2200
0.204609 2200
0.204034 2200
0.193487 2200
0.200582 2200
0.204609 2200
0.201349 2200
0.203267 2200
0.205376 2200
0.198473 2200
0.197706 2200
0.200582 2200
0.202313 2250
0.203625 2250
0.196875 2250
0.204937 2250
0.19575 2250
0.197813 2250
0.205125 2250
0.199875 2250
0.200437 2250
0.1935 2250
0.207187 2250
0.20175 2250
0.202125 2250
0.200813 2250
0.201 2250
0.198188 2250
0.198563 2250
0.193125 2250
0.195 2250
0.2055 2250
0.198937 2250
0.208125 2250
0.20025 2250
0.19875 2250
0.196687 2250
0.194812 2250
0.196687 2250
0.198563 2250
0.20475 2250
0.210375 2250
0.20025 2250
0.200813 2250
0.201563 2250
0.195 2250
0.207562 2250
0.194625 2250
0.199875 2250
0.1965 2250
0.199313 2250
0.1995 2250
0.20175 2250
0.193312 2250
0.195563 2250
0.1995 2250
0.1965 2250
0.197438 2250
0.195937 2250
0.20025 2250
0.197625 2250
0.196125 2250
0.199749 2300
0.199198 2300
0.200482 2300
0.199749 2300
0.2025 2300
0.199382 2300
0.191861 2300
0.199382 2300
0.207269 2300
0.197181 2300
0.198648 2300
0.203784 2300
0.20305 2300
0.200115 2300
0.197181 2300
0.20195 2300
0.196814 2300
0.191495 2300
0.201033 2300
0.19663 2300
0.207819 2300
0.198832 2300
0.198832 2300
0.195346 2300
0.202683 2300
0.200666 2300
0.203234 2300
0.198832 2300
0.206168 2300
0.193512 2300
0.195346 2300
0.203601 2300
0.200482 2300
0.205618 2300
0.195897 2300
0.199382 2300
0.200115 2300
0.19553 2300
0.202133 2300
0.199382 2300
0.200299 2300
0.211304 2300
0.205068 2300
0.19553 2300
0.189293 2300
0.201583 2300
0.199382 2300
0.195346 2300
0.198098 2300
0.205251 2300
0.19873 2350
0.199269 2350
0.19891 2350
0.203577 2350
0.197114 2350
0.202141 2350
0.197832 2350
0.196037 2350
0.192985 2350
0.198191 2350
0.196037 2350
0.201064 2350
0.200166 2350
0.19873 2350
0.198551 2350
0.192985 2350
0.199269 2350
0.206629 2350
0.203039 2350
0.208424 2350
0.201782 2350
0.199448 2350
0.198551 2350
0.199089 2350
0.200705 2350
0.202141 2350
0.20627 2350
0.203757 2350
0.19891 2350
0.204295 2350
0.201782 2350
0.200525 2350
0.199269 2350
0.198012 2350
0.193883 2350
0.201602 2350
0.197832 2350
0.197653 2350
0.205911 2350
0.203218 2350
0.199628 2350
0.196755 2350
0.201064 2350
0.196576 2350
0.196935 2350
0.195678 2350
0.204834 2350
0.19514 2350
0.20232 2350
0.190472 2350
0.200391 2400
0.208828 2400
0.208125 2400
0.206895 2400
0.196348 2400
0.197402 2400
0.201797 2400
0.198984 2400
0.195117 2400
0.202324 2400
0.201445 2400
0.198984 2400
0.204609 2400
0.197578 2400
0.194414 2400
0.193184 2400
0.197578 2400
0.199863 2400
0.203203 2400
0.195293 2400
0.198281 2400
0.19459 2400
0.203555 2400
0.204434 2400
0.2025 2400
0.203203 2400
0.208125 2400
0.194941 2400
0.194238 2400
0.204961 2400
0.203379 2400
0.2025 2400
0.204785 2400
0.199863 2400
0.199687 2400
0.204258 2400
0.194238 2400
0.200742 2400
0.201094 2400
0.20373 2400
0.195469 2400
0.200215 2400
0.199863 2400
0.203379 2400
0.195996 2400
0.205488 2400
0.205664 2400
0.188965 2400
0.205313 2400
0.19459 2400
0.198367 2450
0.197679 2450
0.198367 2450
0.206288 2450
0.199228 2450
0.199573 2450
0.196645 2450
0.192168 2450
0.201122 2450
0.199745 2450
0.207494 2450
0.200434 2450
0.199228 2450
0.194235 2450
0.202672 2450
0.191135 2450
0.196473 2450
0.204566 2450
0.201811 2450
0.206116 2450
0.205083 2450
0.201295 2450
0.199228 2450
0.202156 2450
0.192685 2450
0.194407 2450
0.201295 2450
0.19854 2450
0.204739 2450
0.207149 2450
0.197851 2450
0.201295 2450
0.195612 2450
0.200434 2450
0.197162 2450
0.196473 2450
0.193546 2450
0.199228 2450
0.205427 2450
0.19854 2450
0.197334 2450
0.199401 2450
0.198712 2450
0.197334 2450
0.205599 2450
0.2025 2450
0.191135 2450
0.197851 2450
0.205083 2450
0.200606 2450
0.199294 2500
0.199631 2500
0.199294 2500
0.194231 2500
0.195244 2500
0.19845 2500
0.194738 2500
0.200306 2500
0.204356 2500
0.199294 2500
0.200475 2500
0.206381 2500
0.197775 2500
0.198788 2500
0.200644 2500
0.201656 2500
0.194569 2500
0.196425 2500
0.204187 2500
0.20385 2500
0.196762 2500
0.197438 2500
0.196762 2500
0.200644 2500
0.201488 2500
0.202162 2500
0.199462 2500
0.205706 2500
0.20655 2500
0.194906 2500
0.196931 2500
0.194569 2500
0.197775 2500
0.199631 2500
0.1917 2500
0.199631 2500
0.204525 2500
0.2025 2500
0.194738 2500
0.209588 2500
0.196425 2500
0.2052 2500
0.202162 2500
0.2079 2500
0.204525 2500
0.195919 2500
0.1971 2500
0.194906 2500
0.191869 2500
0.201656 2500
0.198033 2550
0.205147 2550
0.199853 2550
0.190754 2550
0.199687 2550
0.202169 2550
0.193401 2550
0.205974 2550
0.197371 2550
0.19886 2550
0.204816 2550
0.203162 2550
0.201342 2550
0.205974 2550
0.202996 2550
0.205643 2550
0.194393 2550
0.194393 2550
0.202169 2550
0.205809 2550
0.202335 2550
0.207463 2550
0.211599 2550
0.190919 2550
0.199853 2550
0.195386 2550
0.193566 2550
0.200846 2550
0.199853 2550
0.201838 2550
0.2025 2550
0.213254 2550
0.199687 2550
0.200846 2550
0.195221 2550
0.201011 2550
0.203658 2550
0.196875 2550
0.205643 2550
0.199026 2550
0.190423 2550
0.199522 2550
0.195717 2550
0.201673 2550
0.199026 2550
0.201673 2550
0.201342 2550
0.204154 2550
0.203658 2550
0.201507 2550
0.205096 2600
0.194387 2600
0.197632 2600
0.198768 2600
0.195361 2600
0.199742 2600
0.196983 2600
0.200228 2600
0.201689 2600
0.196983 2600
0.197632 2600
0.201364 2600
0.203311 2600
0.204609 2600
0.207043 2600
0.201689 2600
0.20396 2600
0.205583 2600
0.203311 2600
0.194225 2600
0.20396 2600
0.202662 2600
0.198768 2600
0.191791 2600
0.209477 2600
0.199093 2600
0.200553 2600
0.202338 2600
0.204447 2600
0.205907 2600
0.204772 2600
0.198281 2600
0.203474 2600
0.191629 2600
0.201851 2600
0.202662 2600
0.197957 2600
0.194387 2600
0.200066 2600
0.194549 2600
0.200391 2600
0.204447 2600
0.208504 2600
0.192602 2600
0.201364 2600
0.198119 2600
0.196334 2600
0.195685 2600
0.200553 2600
0.206719 2600
0.208072 2650
0.201226 2650
0.197724 2650
0.202978 2650
0.196132 2650
0.197724 2650
0.202818 2650
0.212052 2650
0.196291 2650
0.20855 2650
0.195495 2650
0.193267 2650
0.199316 2650
0.198838 2650
0.201704 2650
0.194699 2650
0.202818 2650
0.197246 2650
0.193744 2650
0.205047 2650
0.198202 2650
0.19454 2650
0.195336 2650
0.19454 2650
0.202659 2650
0.202978 2650
0.203774 2650
0.198998 2650
0.196132 2650
0.202659 2650
0.203774 2650
0.196928 2650
0.207913 2650
0.206958 2650
0.196291 2650
0.196928 2650
0.198838 2650
0.207754 2650
0.201386 2650
0.201067 2650
0.192152 2650
0.198679 2650
0.205366 2650
0.207913 2650
0.207276 2650
0.196769 2650
0.20441 2650
0.200908 2650
0.199634 2650
0.19661 2650
0.196406 2700
0.202656 2700
0.198125 2700
0.206094 2700
0.194219 2700
0.198438 2700
0.204844 2700
0.201406 2700
0.199844 2700
0.203125 2700
0.200625 2700
0.191094 2700
0.1975 2700
0.19875 2700
0.19375 2700
0.205625 2700
0.197344 2700
0.201875 2700
0.203594 2700
0.202656 2700
0.2025 2700
0.196094 2700
0.203125 2700
0.198594 2700
0.199531 2700
0.191875 2700
0.205781 2700
0.201563 2700
0.197813 2700
0.200156 2700
0.199531 2700
0.19875 2700
0.200781 2700
0.206094 2700
0.189844 2700
0.202813 2700
0.195937 2700
0.198125 2700
0.200156 2700
0.204375 2700
0.192656 2700
0.202188 2700
0.195937 2700
0.198906 2700
0.201719 2700
0.19875 2700
0.201406 2700
0.196719 2700
0.196719 2700
0.191562 2700
0.211858 2750
0.200966 2750
0.204801 2750
0.198665 2750
0.201886 2750
0.199585 2750
0.201886 2750
0.191455 2750
0.194676 2750
0.197591 2750
0.199585 2750
0.196977 2750
0.200813 2750
0.20296 2750
0.203114 2750
0.201426 2750
0.190534 2750
0.203881 2750
0.197898 2750
0.200199 2750
0.200045 2750
0.198511 2750
0.199739 2750
0.201119 2750
0.201886 2750
0.201886 2750
0.194062 2750
0.204034 2750
0.204341 2750
0.19667 2750
0.200045 2750
0.203267 2750
0.200659 2750
0.200506 2750
0.206335 2750
0.196057 2750
0.204034 2750
0.195136 2750
0.20342 2750
0.207102 2750
0.201426 2750
0.201886 2750
0.204955 2750
0.197131 2750
0.196364 2750
0.200506 2750
0.207256 2750
0.197744 2750
0.206949 2750
0.197284 2750
0.202048 2800
0.200692 2800
0.195117 2800
0.197076 2800
0.204308 2800
0.204459 2800
0.191501 2800
0.200993 2800
0.18668 2800
0.198281 2800
0.199637 2800
0.19346 2800
0.205061 2800
0.200541 2800
0.207472 2800
0.203404 2800
0.197829 2800
0.194515 2800
0.199336 2800
0.204308 2800
0.197528 2800
0.198583 2800
0.20702 2800
0.197528 2800
0.202349 2800
0.197227 2800
0.198131 2800
0.199637 2800
0.197528 2800
0.19798 2800
0.200692 2800
0.201144 2800
0.204007 2800
0.194062 2800
0.200843 2800
0.197227 2800
0.205212 2800
0.204459 2800
0.199185 2800
0.198733 2800
0.198884 2800
0.202048 2800
0.198733 2800
0.196473 2800
0.197679 2800
0.202199 2800
0.201897 2800
0.201897 2800
0.197227 2800
0.200692 2800
0.204276 2850
0.197319 2850
0.199539 2850
0.195543 2850
0.199836 2850
0.199984 2850
0.19125 2850
0.200576 2850
0.196727 2850
0.196283 2850
0.202204 2850
0.19125 2850
0.202648 2850
0.204572 2850
0.206349 2850
0.199836 2850
0.207829 2850
0.203388 2850
0.203832 2850
0.200872 2850
0.199687 2850
0.196875 2850
0.201908 2850
0.204868 2850
0.20398 2850
0.196727 2850
0.194507 2850
0.205164 2850
0.20398 2850
0.199095 2850
0.200576 2850
0.20028 2850
0.198207 2850
0.19125 2850
0.20028 2850
0.201908 2850
0.198799 2850
0.192138 2850
0.199687 2850
0.198059 2850
0.200428 2850
0.202056 2850
0.199391 2850
0.198207 2850
0.205313 2850
0.199836 2850
0.201464 2850
0.195247 2850
0.198059 2850
0.203832 2850
0.198863 2900
0.200318 2900
0.196536 2900
0.202936 2900
0.198718 2900
0.200463 2900
0.203955 2900
0.192753 2900
0.201045 2900
0.206719 2900
0.193044 2900
0.199445 2900
0.203082 2900
0.194935 2900
0.199881 2900
0.200172 2900
0.198863 2900
0.201918 2900
0.196827 2900
0.201336 2900
0.201191 2900
0.200027 2900
0.199881 2900
0.207301 2900
0.19479 2900
0.19479 2900
0.199445 2900
0.199881 2900
0.199154 2900
0.198572 2900
0.202064 2900
0.198136 2900
0.206137 2900
0.195226 2900
0.206137 2900
0.201336 2900
0.197699 2900
0.201918 2900
0.2025 2900
0.202791 2900
0.208901 2900
0.196536 2900
0.203518 2900
0.196099 2900
0.201482 2900
0.200463 2900
0.200754 2900
0.199154 2900
0.201918 2900
0.198281 2900
0.197066 2950
0.196208 2950
0.197781 2950
0.204645 2950
0.193204 2950
0.196208 2950
0.201499 2950
0.193061 2950
0.198496 2950
0.207505 2950
0.191774 2950
0.204645 2950
0.203358 2950
0.191345 2950
0.197352 2950
0.19535 2950
0.199354 2950
0.20536 2950
0.198782 2950
0.203072 2950
0.206361 2950
0.204931 2950
0.198925 2950
0.205789 2950
0.194206 2950
0.196923 2950
0.199926 2950
0.19964 2950
0.198353 2950
0.192918 2950
0.197209 2950
0.20536 2950
0.199068 2950
0.203501 2950
0.200212 2950
0.204788 2950
0.2025 2950
0.203644 2950
0.19535 2950
0.200784 2950
0.19964 2950
0.199211 2950
0.209507 2950
0.200927 2950
0.191345 2950
0.198353 2950
0.205646 2950
0.202214 2950
0.191488 2950
0.19535 2950
0.199828 3000
0.197859 3000
0.204047 3000
0.199547 3000
0.192656 3000
0.201516 3000
0.203203 3000
0.201234 3000
0.199687 3000
0.194062 3000
0.198 3000
0.200109 3000
0.196453 3000
0.203063 3000
0.199266 3000
0.196734 3000
0.197578 3000
0.193219 3000
0.196453 3000
0.198422 3000
0.199828 3000
0.198703 3000
0.199125 3000
0.196453 3000
0.199125 3000
0.204187 3000
0.201094 3000
0.197297 3000
0.198563 3000
0.202219 3000
0.198563 3000
0.200953 3000
0.202781 3000
0.207422 3000
0.199406 3000
0.194766 3000
0.207562 3000
0.202641 3000
0.196734 3000
0.200109 3000
0.202641 3000
0.199406 3000
0.196875 3000
0.205594 3000
0.191391 3000
0.198 3000
0.203625 3000
0.202922 3000
0.196734 3000
0.198984 3000
0.202362 3050
0.195861 3050
0.20167 3050
0.202915 3050
0.196691 3050
0.199595 3050
0.197797 3050
0.201947 3050
0.193371 3050
0.202777 3050
0.197382 3050
0.199595 3050
0.206235 3050
0.196552 3050
0.202223 3050
0.199595 3050
0.204713 3050
0.204022 3050
0.197659 3050
0.202638 3050
0.197659 3050
0.205266 3050
0.201808 3050
0.202223 3050
0.195446 3050
0.198074 3050
0.198489 3050
0.199319 3050
0.20084 3050
0.200564 3050
0.20001 3050
0.206511 3050
0.199595 3050
0.201393 3050
0.201532 3050
0.200287 3050
0.196967 3050
0.195999 3050
0.194616 3050
0.205405 3050
0.2025 3050
0.194892 3050
0.20001 3050
0.199457 3050
0.200287 3050
0.199872 3050
0.201393 3050
0.200149 3050
0.189498 3050
0.194892 3050
0.194471 3100
0.201683 3100
0.203861 3100
0.203725 3100
0.19624 3100
0.209985 3100
0.206038 3100
0.201956 3100
0.198009 3100
0.194743 3100
0.200867 3100
0.197329 3100
0.197873 3100
0.200323 3100
0.198417 3100
0.19869 3100
0.207944 3100
0.193518 3100
0.201275 3100
0.210801 3100
0.210121 3100
0.199098 3100
0.203997 3100
0.200731 3100
0.203997 3100
0.196104 3100
0.209713 3100
0.201275 3100
0.202636 3100
0.197873 3100
0.195832 3100
0.198417 3100
0.196376 3100
0.20005 3100
0.200867 3100
0.202092 3100
0.193926 3100
0.202636 3100
0.199914 3100
0.19379 3100
0.197329 3100
0.200186 3100
0.200595 3100
0.201411 3100
0.205494 3100
0.198826 3100
0.207127 3100
0.198826 3100
0.198553 3100
0.196512 3100
0.200893 3150
0.190982 3150
0.199554 3150
0.198214 3150
0.195402 3150
0.20692 3150
0.192991 3150
0.201696 3150
0.204241 3150
0.199152 3150
0.198348 3150
0.200893 3150
0.207991 3150
0.198616 3150
0.201295 3150
0.196473 3150
0.205313 3150
0.197009 3150
0.199554 3150
0.196741 3150
0.206652 3150
0.200357 3150
0.199018 3150
0.207589 3150
0.196607 3150
0.206384 3150
0.196607 3150
0.199152 3150
0.205982 3150
0.210134 3150
0.200893 3150
0.201696 3150
0.200491 3150
0.196607 3150
0.199018 3150
0.196205 3150
0.203437 3150
0.201161 3150
0.200759 3150
0.195937 3150
0.197679 3150
0.199687 3150
0.201964 3150
0.202366 3150
0.208393 3150
0.194196 3150
0.194598 3150
0.194196 3150
0.200893 3150
0.197545 3150
0.201182 3200
0.204346 3200
0.194194 3200
0.195645 3200
0.203291 3200
0.195776 3200
0.203555 3200
0.197095 3200
0.197358 3200
0.206191 3200
0.197095 3200
0.203027 3200
0.19894 3200
0.196304 3200
0.201445 3200
0.197095 3200
0.206323 3200
0.200391 3200
0.201182 3200
0.197622 3200
0.19894 3200
0.205796 3200
0.197754 3200
0.198809 3200
0.1996 3200
0.19894 3200
0.201182 3200
0.204214 3200
0.200654 3200
0.208696 3200
0.205005 3200
0.200259 3200
0.198545 3200
0.199731 3200
0.204214 3200
0.201709 3200
0.204873 3200
0.197622 3200
0.197754 3200
0.200786 3200
0.201973 3200
0.1996 3200
0.195249 3200
0.194985 3200
0.202896 3200
0.201577 3200
0.202896 3200
0.203159 3200
0.19749 3200
0.201709 3200
0.197697 3250
0.20263 3250
0.201332 3250
0.196139 3250
0.203928 3250
0.200034 3250
0.198087 3250
0.194841 3250
0.196788 3250
0.203279 3250
0.20263 3250
0.205486 3250
0.194971 3250
0.202889 3250
0.20237 3250
0.198087 3250
0.197438 3250
0.201202 3250
0.198606 3250
0.204707 3250
0.196139 3250
0.197308 3250
0.194971 3250
0.19562 3250
0.2025 3250
0.199255 3250
0.2025 3250
0.192245 3250
0.204707 3250
0.198606 3250
0.204317 3250
0.199514 3250
0.203019 3250
0.203538 3250
0.197308 3250
0.19601 3250
0.203538 3250
0.203538 3250
0.206264 3250
0.206135 3250
0.201591 3250
0.199904 3250
0.202889 3250
0.19575 3250
0.200423 3250
0.198606 3250
0.194062 3250
0.199125 3250
0.20925 3250
0.198995 3250
0.207358 3300
0.19892 3300
0.204034 3300
0.202884 3300
0.194574 3300
0.192145 3300
0.202372 3300
0.202116 3300
0.199687 3300
0.201605 3300
0.198537 3300
0.202372 3300
0.201094 3300
0.204673 3300
0.207741 3300
0.199687 3300
0.203011 3300
0.20723 3300
0.198281 3300
0.19892 3300
0.200966 3300
0.202756 3300
0.203906 3300
0.196491 3300
0.204929 3300
0.203778 3300
0.198153 3300
0.19892 3300
0.198153 3300
0.200327 3300
0.204929 3300
0.196747 3300
0.196747 3300
0.205313 3300
0.19892 3300
0.198793 3300
0.196364 3300
0.202756 3300
0.199943 3300
0.200966 3300
0.197131 3300
0.200071 3300
0.190483 3300
0.204162 3300
0.199687 3300
0.19777 3300
0.195724 3300
0.201222 3300
0.20071 3300
0.201861 3300
0.199226 3350
0.198596 3350
0.203004 3350
0.199352 3350
0.202752 3350
0.204263 3350
0.202752 3350
0.195574 3350
0.207411 3350
0.205145 3350
0.197589 3350
0.20653 3350
0.203004 3350
0.209049 3350
0.19847 3350
0.204767 3350
0.199352 3350
0.197337 3350
0.200611 3350
0.195574 3350
0.196203 3350
0.203759 3350
0.198974 3350
0.201241 3350
0.205648 3350
0.20993 3350
0.209804 3350
0.197589 3350
0.204641 3350
0.206908 3350
0.200989 3350
0.199478 3350
0.196959 3350
0.195448 3350
0.201115 3350
0.195196 3350
0.199352 3350
0.201115 3350
0.2025 3350
0.196329 3350
0.198722 3350
0.200233 3350
0.202878 3350
0.19507 3350
0.201618 3350
0.195574 3350
0.193559 3350
0.196203 3350
0.201241 3350
0.195574 3350
0.202748 3400
0.202376 3400
0.197165 3400
0.203244 3400
0.197661 3400
0.197661 3400
0.204982 3400
0.203617 3400
0.207091 3400
0.199274 3400
0.200763 3400
0.199894 3400
0.201631 3400
0.196668 3400
0.19642 3400
0.20312 3400
0.198281 3400
0.203244 3400
0.194559 3400
0.202004 3400
0.203369 3400
0.192449 3400
0.200763 3400
0.1958 3400
0.196544 3400
0.197165 3400
0.199522 3400
0.202996 3400
0.201383 3400
0.204113 3400
0.205974 3400
0.197661 3400
0.197413 3400
0.197289 3400
0.197413 3400
0.194683 3400
0.202872 3400
0.197289 3400
0.202624 3400
0.198902 3400
0.195676 3400
0.196792 3400
0.199522 3400
0.196792 3400
0.191581 3400
0.197909 3400
0.200267 3400
0.196172 3400
0.204113 3400
0.202376 3400
0.196753 3450
0.197609 3450
0.198954 3450
0.201889 3450
0.194062 3450
0.204823 3450
0.199932 3450
0.19981 3450
0.203478 3450
0.199932 3450
0.202011 3450
0.200788 3450
0.200421 3450
0.201399 3450
0.202255 3450
0.204579 3450
0.201277 3450
0.199565 3450
0.19822 3450
0.198832 3450
0.203356 3450
0.199198 3450
0.197364 3450
0.197609 3450
0.190639 3450
0.200666 3450
0.199565 3450
0.194796 3450
0.199443 3450
0.201644 3450
0.196264 3450
0.202011 3450
0.201766 3450
0.196508 3450
0.201033 3450
0.199565 3450
0.203356 3450
0.195285 3450
0.196875 3450
0.190149 3450
0.203234 3450
0.198709 3450
0.195652 3450
0.199198 3450
0.194796 3450
0.201155 3450
0.203478 3450
0.201033 3450
0.19981 3450
0.204946 3450
0.198281 3500
0.203585 3500
0.198763 3500
0.196473 3500
0.201656 3500
0.191411 3500
0.194062 3500
0.200571 3500
0.199366 3500
0.199487 3500
0.203705 3500
0.203705 3500
0.196835 3500
0.199487 3500
0.199246 3500
0.201174 3500
0.199728 3500
0.19804 3500
0.199125 3500
0.204549 3500
0.195388 3500
0.197076 3500
0.195388 3500
0.199004 3500
0.195509 3500
0.206237 3500
0.201054 3500
0.199607 3500
0.202018 3500
0.197076 3500
0.199366 3500
0.195871 3500
0.207442 3500
0.200089 3500
0.198763 3500
0.189723 3500
0.204308 3500
0.203344 3500
0.201777 3500
0.193219 3500
0.198884 3500
0.203705 3500
0.196835 3500
0.207804 3500
0.201777 3500
0.203464 3500
0.203223 3500
0.196955 3500
0.201897 3500
0.208286 3500
0.199886 3550
0.204639 3550
0.202619 3550
0.194538 3550
0.198816 3550
0.194181 3550
0.201312 3550
0.205114 3550
0.20868 3550
0.194062 3550
0.197033 3550
0.204045 3550
0.20143 3550
0.196796 3550
0.206184 3550
0.199291 3550
0.199886 3550
0.204164 3550
0.198697 3550
0.201193 3550
0.198341 3550
0.200599 3550
0.203213 3550
0.207254 3550
0.202975 3550
0.200836 3550
0.195964 3550
0.203688 3550
0.200717 3550
0.203094 3550
0.204877 3550
0.199767 3550
0.205352 3550
0.2025 3550
0.200836 3550
0.200717 3550
0.20143 3550
0.19941 3550
0.202619 3550
0.197509 3550
0.203926 3550
0.202262 3550
0.207967 3550
0.19632 3550
0.200123 3550
0.195489 3550
0.19537 3550
0.201787 3550
0.198816 3550
0.2025 3550
0.199687 3600
0.201211 3600
0.19957 3600
0.203672 3600
0.204023 3600
0.197813 3600
0.194766 3600
0.199453 3600
0.203672 3600
0.198281 3600
0.2025 3600
0.195117 3600
0.203437 3600
0.209414 3600
0.200625 3600
0.200273 3600
0.196992 3600
0.199336 3600
0.197695 3600
0.199453 3600
0.197461 3600
0.204961 3600
0.200273 3600
0.200977 3600
0.201328 3600
0.204258 3600
0.202031 3600
0.197461 3600
0.203906 3600
0.206016 3600
0.198516 3600
0.19582 3600
0.198047 3600
0.196523 3600
0.202266 3600
0.193477 3600
0.198867 3600
0.198047 3600
0.201094 3600
0.201328 3600
0.202383 3600
0.202148 3600
0.198398 3600
0.199922 3600
0.199922 3600
0.200156 3600
0.198516 3600
0.201914 3600
0.200742 3600
0.193477 3600
0.197299 3650
0.206199 3650
0.203193 3650
0.192907 3650
0.201922 3650
0.199842 3650
0.196721 3650
0.202616 3650
0.19857 3650
0.198455 3650
0.201807 3650
0.19961 3650
0.199264 3650
0.202038 3650
0.198455 3650
0.198686 3650
0.197992 3650
0.205274 3650
0.202384 3650
0.201922 3650
0.198455 3650
0.199957 3650
0.195912 3650
0.196143 3650
0.199033 3650
0.202616 3650
0.197414 3650
0.206545 3650
0.201344 3650
0.200651 3650
0.206777 3650
0.197761 3650
0.198801 3650
0.200882 3650
0.2025 3650
0.20042 3650
0.192098 3650
0.198917 3650
0.203309 3650
0.198801 3650
0.201691 3650
0.202731 3650
0.199148 3650
0.206083 3650
0.198339 3650
0.204234 3650
0.202616 3650
0.188861 3650
0.196836 3650
0.205852 3650
0.201246 3700
0.200334 3700
0.203412 3700
0.200448 3700
0.2025 3700
0.193948 3700
0.203298 3700
0.198851 3700
0.203982 3700
0.199421 3700
0.196457 3700
0.198965 3700
0.202158 3700
0.2025 3700
0.198053 3700
0.197597 3700
0.197597 3700
0.196571 3700
0.198053 3700
0.202842 3700
0.195089 3700
0.197939 3700
0.198737 3700
0.203412 3700
0.198737 3700
0.195545 3700
0.198167 3700
0.201588 3700
0.20364 3700
0.201474 3700
0.197369 3700
0.200334 3700
0.200904 3700
0.198053 3700
0.198851 3700
0.202842 3700
0.200676 3700
0.196001 3700
0.198965 3700
0.202728 3700
0.193378 3700
0.202956 3700
0.195773 3700
0.195089 3700
0.196001 3700
0.199193 3700
0.196571 3700
0.199992 3700
0.205351 3700
0.199307 3700
0.202275 3750
0.194288 3750
0.197888 3750
0.201825 3750
0.198675 3750
0.1935 3750
0.19665 3750
0.198112 3750
0.19935 3750
0.202275 3750
0.195975 3750
0.19935 3750
0.199125 3750
0.194175 3750
0.1998 3750
0.203175 3750
0.20115 3750
0.202725 3750
0.19575 3750
0.201825 3750
0.197663 3750
0.199462 3750
0.202387 3750
0.200137 3750
0.204637 3750
0.19665 3750
0.194963 3750
0.196762 3750
0.201825 3750
0.201938 3750
0.202838 3750
0.190913 3750
0.202387 3750
0.199575 3750
0.199687 3750
0.200925 3750
0.202725 3750
0.193275 3750
0.192937 3750
0.201713 3750
0.204525 3750
0.19845 3750
0.196987 3750
0.197212 3750
0.201488 3750
0.200475 3750
0.204525 3750
0.197888 3750
0.20295 3750
0.20025 3750
0.204054 3800
0.202611 3800
0.202167 3800
0.196949 3800
0.197171 3800
0.199947 3800
0.197726 3800
0.194062 3800
0.199058 3800
0.205609 3800
0.197948 3800
0.201834 3800
0.202944 3800
0.188512 3800
0.198059 3800
0.19706 3800
0.197948 3800
0.201834 3800
0.195839 3800
0.201723 3800
0.202278 3800
0.200502 3800
0.196949 3800
0.203166 3800
0.202278 3800
0.201612 3800
0.198503 3800
0.20139 3800
0.19817 3800
0.196838 3800
0.201168 3800
0.203055 3800
0.203832 3800
0.196061 3800
0.19595 3800
0.200058 3800
0.201945 3800
0.199725 3800
0.203499 3800
0.201612 3800
0.203277 3800
0.202389 3800
0.205164 3800
0.202722 3800
0.200502 3800
0.201723 3800
0.19928 3800
0.199947 3800
0.202833 3800
0.202389 3800
0.198884 3850
0.201075 3850
0.203157 3850
0.202062 3850
0.19724 3850
0.194391 3850
0.206116 3850
0.195597 3850
0.19998 3850
0.202062 3850
0.195268 3850
0.199213 3850
0.200089 3850
0.197021 3850
0.20261 3850
0.196144 3850
0.201843 3850
0.19987 3850
0.20513 3850
0.200747 3850
0.202829 3850
0.206993 3850
0.199761 3850
0.203925 3850
0.197788 3850
0.195925 3850
0.203157 3850
0.199322 3850
0.201733 3850
0.205239 3850
0.201843 3850
0.197021 3850
0.201514 3850
0.199761 3850
0.198555 3850
0.198555 3850
0.19724 3850
0.193076 3850
0.201952 3850
0.199103 3850
0.19735 3850
0.193624 3850
0.19735 3850
0.200966 3850
0.203267 3850
0.206554 3850
0.201404 3850
0.200199 3850
0.197788 3850
0.196692 3850
0.194062 3900
0.206286 3900
0.197849 3900
0.199904 3900
0.205637 3900
0.200553 3900
0.2025 3900
0.198173 3900
0.204014 3900
0.201743 3900
0.200661 3900
0.196442 3900
0.205853 3900
0.201635 3900
0.199579 3900
0.202175 3900
0.210505 3900
0.201418 3900
0.205421 3900
0.202716 3900
0.197416 3900
0.20369 3900
0.197849 3900
0.199255 3900
0.2025 3900
0.199579 3900
0.198822 3900
0.200445 3900
0.1972 3900
0.201959 3900
0.197308 3900
0.198389 3900
0.203365 3900
0.202716 3900
0.199255 3900
0.199579 3900
0.200769 3900
0.199796 3900
0.207043 3900
0.199471 3900
0.199687 3900
0.199796 3900
0.201743 3900
0.20369 3900
0.199255 3900
0.195361 3900
0.201526 3900
0.195469 3900
0.203365 3900
0.195685 3900
0.198762 3950
0.196305 3950
0.200791 3950
0.203461 3950
0.196092 3950
0.201005 3950
0.203995 3950
0.198762 3950
0.2025 3950
0.201005 3950
0.200044 3950
0.201325 3950
0.18915 3950
0.201432 3950
0.204316 3950
0.198121 3950
0.197373 3950
0.201005 3950
0.199723 3950
0.193528 3950
0.198869 3950
0.199616 3950
0.190858 3950
0.20218 3950
0.200684 3950
0.200791 3950
0.204422 3950
0.201539 3950
0.194062 3950
0.20282 3950
0.194383 3950
0.201005 3950
0.203782 3950
0.197694 3950
0.201432 3950
0.208908 3950
0.191286 3950
0.206772 3950
0.200364 3950
0.197907 3950
0.203995 3950
0.201325 3950
0.201646 3950
0.196519 3950
0.201966 3950
0.200791 3950
0.203461 3950
0.200684 3950
0.196199 3950
0.200257 3950
0.199758 4000
0.197543 4000
0.202922 4000
0.198809 4000
0.197227 4000
0.196383 4000
0.199758 4000
0.205664 4000
0.200813 4000
0.197332 4000
0.203766 4000
0.205348 4000
0.206613 4000
0.201129 4000
0.20134 4000
0.198914 4000
0.199652 4000
0.200707 4000
0.192797 4000
0.198598 4000
0.195961 4000
0.206613 4000
0.201656 4000
0.19807 4000
0.199547 4000
0.195961 4000
0.199336 4000
0.203555 4000
0.203238 4000
0.207246 4000
0.19923 4000
0.201867 4000
0.200285 4000
0.200285 4000
0.204715 4000
0.207562 4000
0.200285 4000
0.201234 4000
0.197121 4000
0.201656 4000
0.203871 4000
0.202078 4000
0.20366 4000
0.199863 4000
0.197965 4000
0.202078 4000
0.202816 4000
0.200707 4000
0.203133 4000
0.201234 4000
0.203437 4050
0.195729 4050
0.201667 4050
0.203958 4050
0.201458 4050
0.201146 4050
0.199167 4050
0.200104 4050
0.201771 4050
0.198958 4050
0.199479 4050
0.201146 4050
0.201771 4050
0.195104 4050
0.197604 4050
0.202083 4050
0.202292 4050
0.203229 4050
0.197187 4050
0.196771 4050
0.202292 4050
0.196354 4050
0.199583 4050
0.200625 4050
0.196875 4050
0.206354 4050
0.200417 4050
0.194271 4050
0.203229 4050
0.200937 4050
0.201042 4050
0.200937 4050
0.199271 4050
0.19875 4050
0.202604 4050
0.199687 4050
0.195729 4050
0.197813 4050
0.197292 4050
0.195208 4050
0.196979 4050
0.205313 4050
0.199375 4050
0.199063 4050
0.200313 4050
0.19625 4050
0.203646 4050
0.202813 4050
0.192604 4050
0.197604 4050
0.195709 4100
0.204764 4100
0.202397 4100
0.200339 4100
0.198075 4100
0.202706 4100
0.200957 4100
0.203941 4100
0.201986 4100
0.206101 4100
0.198281 4100
0.204249 4100
0.19787 4100
0.206822 4100
0.193239 4100
0.200545 4100
0.201368 4100
0.196841 4100
0.204558 4100
0.191593 4100
0.19221 4100
0.203117 4100
0.198796 4100
0.195812 4100
0.196944 4100
0.19859 4100
0.204455 4100
0.1954 4100
0.199825 4100
0.205175 4100
0.200442 4100
0.20003 4100
0.201574 4100
0.200648 4100
0.195812 4100
0.1954 4100
0.198487 4100
0.202809 4100
0.202603 4100
0.202809 4100
0.200648 4100
0.19859 4100
0.197458 4100
0.200854 4100
0.202809 4100
0.204043 4100
0.205072 4100
0.199619 4100
0.199825 4100
0.199002 4100
0.195282 4150
0.204228 4150
0.198739 4150
0.204736 4150
0.198739 4150
0.202398 4150
0.206871 4150
0.20494 4150
0.199959 4150
0.20311 4150
0.19823 4150
0.19945 4150
0.196807 4150
0.201483 4150
0.204228 4150
0.195486 4150
0.201077 4150
0.193961 4150
0.201483 4150
0.197519 4150
0.19945 4150
0.200873 4150
0.196299 4150
0.198942 4150
0.196807 4150
0.197417 4150
0.195791 4150
0.200264 4150
0.206058 4150
0.203313 4150
0.199755 4150
0.204838 4150
0.195079 4150
0.200772 4150
0.204533 4150
0.195892 4150
0.20006 4150
0.204431 4150
0.201483 4150
0.202195 4150
0.193859 4150
0.197112 4150
0.194774 4150
0.198637 4150
0.202602 4150
0.201585 4150
0.201687 4150
0.200365 4150
0.197925 4150
0.20372 4150
0.198683 4200
0.197578 4200
0.200089 4200
0.196172 4200
0.195469 4200
0.205313 4200
0.207522 4200
0.19798 4200
0.203203 4200
0.201797 4200
0.197779 4200
0.201194 4200
0.205112 4200
0.201496 4200
0.204308 4200
0.198482 4200
0.198482 4200
0.197377 4200
0.202902 4200
0.199587 4200
0.198884 4200
0.199286 4200
0.204509 4200
0.199989 4200
0.193962 4200
0.20029 4200
0.194766 4200
0.197076 4200
0.199487 4200
0.196071 4200
0.207422 4200
0.200692 4200
0.198281 4200
0.199788 4200
0.196473 4200
0.201897 4200
0.197779 4200
0.200089 4200
0.202199 4200
0.197277 4200
0.200692 4200
0.199888 4200
0.197076 4200
0.205714 4200
0.195268 4200
0.2024 4200
0.200792 4200
0.198683 4200
0.202299 4200
0.194766 4200
0.19982 4250
0.196544 4250
0.200018 4250
0.202401 4250
0.199919 4250
0.201904 4250
0.202202 4250
0.195154 4250
0.197537 4250
0.200813 4250
0.203592 4250
0.198033 4250
0.199621 4250
0.195551 4250
0.200813 4250
0.19575 4250
0.195949 4250
0.196941 4250
0.204187 4250
0.204287 4250
0.199423 4250
0.198033 4250
0.195651 4250
0.198033 4250
0.196643 4250
0.204386 4250
0.195452 4250
0.205875 4250
0.199522 4250
0.206471 4250
0.197636 4250
0.200018 4250
0.195651 4250
0.204485 4250
0.198132 4250
0.195651 4250
0.200316 4250
0.202202 4250
0.200415 4250
0.19714 4250
0.201011 4250
0.204585 4250
0.19982 4250
0.199026 4250
0.197438 4250
0.201507 4250
0.196048 4250
0.201507 4250
0.195651 4250
0.196743 4250
0.194062 4300
0.199262 4300
0.194847 4300
0.199949 4300
0.204364 4300
0.202108 4300
0.199753 4300
0.200243 4300
0.201225 4300
0.195632 4300
0.200342 4300
0.202696 4300
0.202794 4300
0.203285 4300
0.203285 4300
0.206523 4300
0.197791 4300
0.203874 4300
0.200734 4300
0.199557 4300
0.20613 4300
0.2025 4300
0.203285 4300
0.201126 4300
0.205149 4300
0.204757 4300
0.198281 4300
0.201617 4300
0.199851 4300
0.199753 4300
0.204266 4300
0.196123 4300
0.197693 4300
0.202794 4300
0.199851 4300
0.203383 4300
0.20927 4300
0.203187 4300
0.194847 4300
0.201519 4300
0.201617 4300
0.200243 4300
0.204757 4300
0.199066 4300
0.201421 4300
0.199851 4300
0.202206 4300
0.196711 4300
0.202009 4300
0.201225 4300
0.1993 4350
0.200657 4350
0.203567 4350
0.199978 4350
0.199106 4350
0.197651 4350
0.200075 4350
0.199687 4350
0.198718 4350
0.195323 4350
0.19736 4350
0.200463 4350
0.201336 4350
0.200269 4350
0.200754 4350
0.195226 4350
0.202888 4350
0.204246 4350
0.201239 4350
0.208319 4350
0.2025 4350
0.196972 4350
0.205894 4350
0.194935 4350
0.206185 4350
0.203373 4350
0.201239 4350
0.20347 4350
0.206379 4350
0.198912 4350
0.20056 4350
0.196681 4350
0.200948 4350
0.202597 4350
0.205216 4350
0.199494 4350
0.205119 4350
0.198233 4350
0.198039 4350
0.196099 4350
0.19833 4350
0.199687 4350
0.198718 4350
0.203955 4350
0.197263 4350
0.200463 4350
0.195711 4350
0.196972 4350
0.196778 4350
0.203664 4350
0.193967 4400
0.197994 4400
0.199719 4400
0.201829 4400
0.197131 4400
0.19483 4400
0.201541 4400
0.199432 4400
0.204801 4400
0.197802 4400
0.204034 4400
0.200774 4400
0.200678 4400
0.195405 4400
0.197994 4400
0.196364 4400
0.194925 4400
0.201829 4400
0.197418 4400
0.202788 4400
0.198952 4400
0.197994 4400
0.196364 4400
0.198377 4400
0.198952 4400
0.198089 4400
0.201349 4400
0.200103 4400
0.194446 4400
0.201637 4400
0.199048 4400
0.196364 4400
0.196364 4400
0.200678 4400
0.196172 4400
0.199624 4400
0.203459 4400
0.203938 4400
0.195788 4400
0.206143 4400
0.20087 4400
0.198665 4400
0.193871 4400
0.198377 4400
0.20413 4400
0.193871 4400
0.198952 4400
0.202788 4400
0.199719 4400
0.19483 4400
0.20269 4450
0.19776 4450
0.20013 4450
0.206292 4450
0.19776 4450
0.198992 4450
0.203448 4450
0.198613 4450
0.204491 4450
0.205344 4450
0.199561 4450
0.200983 4450
0.202121 4450
0.203164 4450
0.206103 4450
0.199846 4450
0.201647 4450
0.194062 4450
0.201362 4450
0.201931 4450
0.200414 4450
0.199371 4450
0.198803 4450
0.198423 4450
0.202595 4450
0.197855 4450
0.20231 4450
0.206861 4450
0.203164 4450
0.200983 4450
0.208473 4450
0.197191 4450
0.20724 4450
0.202121 4450
0.200509 4450
0.196812 4450
0.198708 4450
0.195674 4450
0.198329 4450
0.207619 4450
0.198897 4450
0.198234 4450
0.200699 4450
0.200699 4450
0.196338 4450
0.198803 4450
0.200604 4450
0.196527 4450
0.201931 4450
0.198044 4450
0.201 4500
0.195469 4500
0.195844 4500
0.196031 4500
0.198281 4500
0.201656 4500
0.199875 4500
0.200813 4500
0.196125 4500
0.197531 4500
0.197906 4500
0.200437 4500
0.202313 4500
0.198 4500
0.198563 4500
0.197438 4500
0.200531 4500
0.194625 4500
0.198188 4500
0.199406 4500
0.200344 4500
0.196125 4500
0.198 4500
0.207187 4500
0.20625 4500
0.201 4500
0.1965 4500
0.201 4500
0.199031 4500
0.196594 4500
0.199406 4500
0.202125 4500
0.202781 4500
0.198094 4500
0.199313 4500
0.202406 4500
0.198469 4500
0.197813 4500
0.199781 4500
0.194812 4500
0.198094 4500
0.195375 4500
0.200625 4500
0.202406 4500
0.198 4500
0.197531 4500
0.198188 4500
0.199125 4500
0.207 4500
0.197719 4500
0.20454 4550
0.1974 4550
0.200367 4550
0.198977 4550
0.201573 4550
0.202315 4550
0.199997 4550
0.202407 4550
0.195917 4550
0.201202 4550
0.203242 4550
0.200089 4550
0.203334 4550
0.199904 4550
0.203056 4550
0.204169 4550
0.197122 4550
0.2025 4550
0.197586 4550
0.200738 4550
0.19499 4550
0.199533 4550
0.200089 4550
0.199718 4550
0.19944 4550
0.19703 4550
0.20046 4550
0.19944 4550
0.197864 4550
0.20454 4550
0.199533 4550
0.196937 4550
0.197493 4550
0.198884 4550
0.198513 4550
0.19944 4550
0.195917 4550
0.194619 4550
0.202129 4550
0.197122 4550
0.196102 4550
0.193784 4550
0.200831 4550
0.197771 4550
0.206023 4550
0.206116 4550
0.201851 4550
0.204447 4550
0.204447 4550
0.193135 4550
0.202133 4600
0.202867 4600
0.194154 4600
0.200574 4600
0.201216 4600
0.201766 4600
0.20305 4600
0.203692 4600
0.200299 4600
0.204059 4600
0.199198 4600
0.202867 4600
0.201766 4600
0.201583 4600
0.202867 4600
0.198832 4600
0.199749 4600
0.196814 4600
0.204243 4600
0.199749 4600
0.197364 4600
0.207636 4600
0.200207 4600
0.198373 4600
0.203234 4600
0.200849 4600
0.201491 4600
0.197914 4600
0.202775 4600
0.195713 4600
0.203692 4600
0.196172 4600
0.197823 4600
0.19874 4600
0.199107 4600
0.206077 4600
0.199657 4600
0.19819 4600
0.204243 4600
0.200757 4600
0.197731 4600
0.201124 4600
0.202683 4600
0.198465 4600
0.19929 4600
0.200666 4600
0.200391 4600
0.200024 4600
0.202959 4600
0.195988 4600
0.203589 4650
0.200504 4650
0.197782 4650
0.203135 4650
0.197601 4650
0.204133 4650
0.198508 4650
0.198327 4650
0.204133 4650
0.203044 4650
0.201683 4650
0.195423 4650
0.200776 4650
0.197873 4650
0.199687 4650
0.20495 4650
0.199143 4650
0.199415 4650
0.200776 4650
0.204315 4650
0.196603 4650
0.202954 4650
0.197964 4650
0.197601 4650
0.202409 4650
0.195333 4650
0.193427 4650
0.199325 4650
0.197964 4650
0.197329 4650
0.197056 4650
0.19996 4650
0.197873 4650
0.200685 4650
0.196603 4650
0.197329 4650
0.194698 4650
0.202681 4650
0.194879 4650
0.197056 4650
0.201593 4650
0.204587 4650
0.195696 4650
0.201411 4650
0.199687 4650
0.20631 4650
0.201502 4650
0.198508 4650
0.201502 4650
0.200141 4650
0.199358 4700
0.197922 4700
0.200166 4700
0.198371 4700
0.19864 4700
0.200974 4700
0.20609 4700
0.204654 4700
0.197025 4700
0.201423 4700
0.199717 4700
0.197294 4700
0.201513 4700
0.204026 4700
0.201602 4700
0.195409 4700
0.198371 4700
0.197114 4700
0.189215 4700
0.199538 4700
0.204026 4700
0.205283 4700
0.205821 4700
0.195229 4700
0.203039 4700
0.199628 4700
0.203577 4700
0.206539 4700
0.201243 4700
0.201602 4700
0.196307 4700
0.194601 4700
0.203218 4700
0.199089 4700
0.197653 4700
0.20609 4700
0.203308 4700
0.194062 4700
0.206629 4700
0.193344 4700
0.197473 4700
0.199089 4700
0.193075 4700
0.197025 4700
0.199179 4700
0.199269 4700
0.201154 4700
0.206539 4700
0.203846 4700
0.200795 4700
0.20028 4750
0.194507 4750
0.199036 4750
0.203033 4750
0.206497 4750
0.199658 4750
0.204454 4750
0.204632 4750
0.201878 4750
0.198859 4750
0.199569 4750
0.201523 4750
0.200102 4750
0.203566 4750
0.204187 4750
0.201878 4750
0.200102 4750
0.200368 4750
0.196461 4750
0.200901 4750
0.198681 4750
0.201434 4750
0.20099 4750
0.197526 4750
0.196638 4750
0.198859 4750
0.201878 4750
0.196816 4750
0.200724 4750
0.202944 4750
0.203033 4750
0.192819 4750
0.19202 4750
0.197526 4750
0.19797 4750
0.203655 4750
0.196549 4750
0.201612 4750
0.200368 4750
0.201612 4750
0.198681 4750
0.203299 4750
0.196638 4750
0.201257 4750
0.205964 4750
0.209516 4750
0.200457 4750
0.198414 4750
0.203211 4750
0.201345 4750
0.206367 4800
0.202852 4800
0.198193 4800
0.201533 4800
0.201533 4800
0.208213 4800
0.200303 4800
0.20373 4800
0.196348 4800
0.198457 4800
0.202852 4800
0.203555 4800
0.206016 4800
0.204346 4800
0.199072 4800
0.202939 4800
0.201797 4800
0.20127 4800
0.199863 4800
0.203643 4800
0.197402 4800
0.202676 4800
0.201621 4800
0.201797 4800
0.204258 4800
0.200742 4800
0.199951 4800
0.200479 4800
0.198545 4800
0.201445 4800
0.195293 4800
0.195469 4800
0.202236 4800
0.198457 4800
0.198018 4800
0.198545 4800
0.198809 4800
0.202236 4800
0.202676 4800
0.199424 4800
0.204873 4800
0.19749 4800
0.206543 4800
0.198984 4800
0.193359 4800
0.197051 4800
0.207861 4800
0.201709 4800
0.197578 4800
0.195645 4800
0.197368 4850
0.199108 4850
0.19789 4850
0.201456 4850
0.195193 4850
0.203892 4850
0.201891 4850
0.198847 4850
0.195802 4850
0.194932 4850
0.201978 4850
0.197194 4850
0.195019 4850
0.196063 4850
0.20537 4850
0.19963 4850
0.193454 4850
0.207023 4850
0.198934 4850
0.195715 4850
0.200499 4850
0.199108 4850
0.200151 4850
0.196933 4850
0.200586 4850
0.197542 4850
0.199456 4850
0.203022 4850
0.195628 4850
0.200586 4850
0.198325 4850
0.199108 4850
0.198064 4850
0.197542 4850
0.201804 4850
0.200847 4850
0.201978 4850
0.197803 4850
0.198412 4850
0.198151 4850
0.19963 4850
0.199195 4850
0.198151 4850
0.200412 4850
0.200064 4850
0.200673 4850
0.198673 4850
0.202848 4850
0.199803 4850
0.202413 4850
0.196301 4900
0.201897 4900
0.199228 4900
0.196818 4900
0.195182 4900
0.203017 4900
0.203447 4900
0.205858 4900
0.193718 4900
0.19742 4900
0.202156 4900
0.196129 4900
0.200606 4900
0.196645 4900
0.201036 4900
0.202844 4900
0.202672 4900
0.200003 4900
0.201122 4900
0.202758 4900
0.199056 4900
0.200175 4900
0.19699 4900
0.197334 4900
0.197937 4900
0.201897 4900
0.201467 4900
0.197334 4900
0.201209 4900
0.20448 4900
0.204136 4900
0.20095 4900
0.202414 4900
0.198884 4900
0.202758 4900
0.20095 4900
0.201897 4900
0.205944 4900
0.196818 4900
0.198195 4900
0.197334 4900
0.201553 4900
0.200261 4900
0.202586 4900
0.195612 4900
0.202242 4900
0.200089 4900
0.200606 4900
0.197765 4900
0.201036 4900
0.201477 4950
0.203352 4950
0.202074 4950
0.198835 4950
0.19679 4950
0.199517 4950
0.196449 4950
0.199176 4950
0.203011 4950
0.194148 4950
0.199176 4950
0.199091 4950
0.203608 4950
0.200455 4950
0.201392 4950
0.202756 4950
0.196108 4950
0.20267 4950
0.201733 4950
0.196193 4950
0.196534 4950
0.204886 4950
0.203864 4950
0.198239 4950
0.201392 4950
0.197557 4950
0.201392 4950
0.201307 4950
0.203352 4950
0.198835 4950
0.200795 4950
0.199687 4950
0.198239 4950
0.205824 4950
0.198409 4950
0.199773 4950
0.201818 4950
0.197983 4950
0.204716 4950
0.202585 4950
0.198665 4950
0.195256 4950
0.200625 4950
0.199858 4950
0.201903 4950
0.200625 4950
0.203778 4950
0.195937 4950
0.197386 4950
0.199602 4950
0.198872 5000
0.201319 5000
0.200391 5000
0.202584 5000
0.200475 5000
0.202584 5000
0.204187 5000
0.197016 5000
0.204187 5000
0.202922 5000
0.198197 5000
0.197606 5000
0.200981 5000
0.203766 5000
0.195244 5000
0.2052 5000
0.196087 5000
0.1998 5000
0.19845 5000
0.204187 5000
0.201741 5000
0.207647 5000
0.206212 5000
0.198703 5000
0.202584 5000
0.200137 5000
0.193219 5000
0.200053 5000
0.199378 5000
0.197691 5000
0.199294 5000
0.200981 5000
0.200222 5000
0.203428 5000
0.205284 5000
0.20115 5000
0.199884 5000
0.198956 5000
0.201488 5000
0.198112 5000
0.200813 5000
0.197184 5000
0.205706 5000
0.192797 5000
0.199631 5000
0.197522 5000
0.198703 5000
0.200475 5000
0.1998 5000
0.197691 5000
