100 2365
100 2502
100 2725
100 2771
100 2893
100 2548
100 2624
100 2645
100 2814
100 2479
100 2646
100 2771
100 2711
100 2397
100 2692
100 2519
100 2814
100 2870
100 2412
100 2723
100 2537
100 2693
100 2885
100 2624
100 2374
100 2850
100 2615
100 2222
100 2293
100 2452
100 2457
100 2549
100 2610
100 2559
100 2500
100 2340
100 2809
100 2650
100 2479
100 2924
100 2429
100 2604
100 2621
100 2883
100 2691
100 2835
100 2525
100 2762
100 2387
100 2420
200 10791
200 9824
200 9923
200 9884
200 9368
200 10616
200 10995
200 9407
200 10818
200 10101
200 9611
200 9194
200 10815
200 10572
200 10790
200 9764
200 9969
200 10185
200 10738
200 9700
200 9544
200 10000
200 9903
200 10592
200 10824
200 10114
200 9803
200 9594
200 10685
200 10071
200 10289
200 10296
200 10043
200 11538
200 10585
200 10326
200 9811
200 11049
200 11056
200 10345
200 9173
200 10258
200 10288
200 10500
200 10719
200 10961
200 10101
200 10359
200 9848
200 10775
300 21915
300 22134
300 22290
300 23391
300 23620
300 23233
300 22634
300 22419
300 23108
300 23370
300 21012
300 23364
300 22644
300 22326
300 23365
300 25084
300 21770
300 23831
300 23157
300 22758
300 22712
300 21848
300 21431
300 22247
300 23048
300 22524
300 23492
300 23041
300 23477
300 21596
300 22147
300 22475
300 24128
300 21478
300 23956
300 23525
300 23964
300 22611
300 22068
300 23273
300 20891
300 23319
300 21889
300 22775
300 22365
300 22463
300 23545
300 23350
300 21836
300 24105
400 39028
400 42781
400 41227
400 44357
400 38724
400 40614
400 40639
400 39175
400 40667
400 41761
400 42396
400 41089
400 40779
400 42674
400 40645
400 39696
400 43955
400 40031
400 40571
400 41074
400 39221
400 40818
400 40533
400 40945
400 40793
400 38581
400 39624
400 40849
400 41509
400 40585
400 40734
400 40578
400 41574
400 43246
400 40579
400 42902
400 38629
400 39139
400 38970
400 42784
400 40869
400 40976
400 40108
400 41849
400 41400
400 41533
400 36990
400 39939
400 38330
400 41214
500 64463
500 61943
500 64411
500 60649
500 64478
500 63046
500 62934
500 62076
500 62563
500 64236
500 64866
500 63930
500 63069
500 64470
500 64191
500 64562
500 59556
500 62549
500 61190
500 62109
500 63635
500 62480
500 63179
500 63407
500 62638
500 62257
500 64225
500 65195
500 62175
500 65354
500 64580
500 63263
500 64349
500 61421
500 64435
500 62310
500 63753
500 66165
500 65473
500 60830
500 60529
500 60202
500 63211
500 60868
500 61932
500 64539
500 61536
500 67142
500 65474
500 61772
600 90472
600 89694
600 92750
600 90812
600 88502
600 94216
600 92577
600 92692
600 87244
600 87516
600 90605
600 91113
600 88857
600 89993
600 89967
600 88297
600 91896
600 92882
600 89044
600 91440
600 90678
600 92561
600 91175
600 93243
600 89624
600 88651
600 90196
600 88047
600 92188
600 90878
600 90694
600 93707
600 92123
600 90063
600 93795
600 92656
600 91442
600 87791
600 88359
600 92297
600 87404
600 91153
600 85203
600 87659
600 90809
600 85976
600 87644
600 91985
600 93389
600 87442
700 119499
700 126929
700 126022
700 122834
700 124577
700 129834
700 124969
700 121507
700 122646
700 121181
700 120308
700 124465
700 122488
700 122825
700 124201
700 116909
700 120553
700 123209
700 125686
700 121703
700 129936
700 128748
700 114070
700 125608
700 125864
700 118888
700 125429
700 119916
700 123792
700 120314
700 117025
700 123992
700 121298
700 118385
700 120166
700 125167
700 121368
700 123799
700 123926
700 125452
700 120149
700 119357
700 125253
700 121848
700 120512
700 122092
700 125162
700 127709
700 120700
700 120400
800 167060
800 161492
800 158021
800 161854
800 156215
800 150293
800 158239
800 164575
800 160258
800 158791
800 158445
800 162016
800 157166
800 161312
800 159871
800 156872
800 161303
800 154846
800 161492
800 156536
800 146916
800 160920
800 158724
800 159183
800 155880
800 166270
800 159053
800 156544
800 156362
800 158324
800 159954
800 158979
800 162414
800 162329
800 166771
800 149319
800 160889
800 163506
800 152987
800 164045
800 156182
800 162421
800 165935
800 158873
800 158550
800 159420
800 154175
800 161872
800 160078
800 156792
900 206440
900 203872
900 201877
900 207482
900 208381
900 194387
900 194640
900 209021
900 203266
900 204098
900 200943
900 197737
900 200333
900 197278
900 206547
900 209699
900 206192
900 205938
900 196508
900 199636
900 193215
900 196584
900 201511
900 206154
900 194236
900 209993
900 197386
900 206646
900 208823
900 214532
900 202139
900 207117
900 204656
900 196464
900 202974
900 206448
900 193237
900 209966
900 208056
900 205601
900 202869
900 211834
900 207797
900 200536
900 206335
900 202502
900 209789
900 200369
900 197106
900 200767
1000 254125
1000 239693
1000 252482
1000 255025
1000 241157
1000 258434
1000 252854
1000 251681
1000 255936
1000 253693
1000 242255
1000 252844
1000 253752
1000 258333
1000 254395
1000 254768
1000 250228
1000 247099
1000 248458
1000 254342
1000 259447
1000 250189
1000 246832
1000 263803
1000 258982
1000 254981
1000 245246
1000 249894
1000 243602
1000 255250
1000 255311
1000 250354
1000 257115
1000 251714
1000 253868
1000 258546
1000 251908
1000 244786
1000 246482
1000 252274
1000 251965
1000 252666
1000 249850
1000 249462
1000 251095
1000 263581
1000 246343
1000 248244
1000 248159
1000 256713
1100 305099
1100 290840
1100 309172
1100 293775
1100 303559
1100 296966
1100 304721
1100 298947
1100 298308
1100 291480
1100 304952
1100 309217
1100 308485
1100 304995
1100 296625
1100 305895
1100 317791
1100 303932
1100 295667
1100 313927
1100 300787
1100 310639
1100 306104
1100 301927
1100 297918
1100 311613
1100 304847
1100 314855
1100 301105
1100 297776
1100 299327
1100 299719
1100 312683
1100 307825
1100 308160
1100 305672
1100 311953
1100 305415
1100 300996
1100 295517
1100 296921
1100 307478
1100 305534
1100 313036
1100 309023
1100 303372
1100 308349
1100 300989
1100 313282
1100 299862
1200 358568
1200 360709
1200 357533
1200 357134
1200 357790
1200 371162
1200 360488
1200 361471
1200 358821
1200 364269
1200 363753
1200 355870
1200 354763
1200 368993
1200 357735
1200 363946
1200 356870
1200 358132
1200 364497
1200 366557
1200 355205
1200 371882
1200 373475
1200 371239
1200 362480
1200 370473
1200 375552
1200 364959
1200 372778
1200 368156
1200 364183
1200 364536
1200 374654
1200 363756
1200 357776
1200 362948
1200 369696
1200 375375
1200 362246
1200 356134
1200 347722
1200 369707
1200 363001
1200 365837
1200 363338
1200 342024
1200 364681
1200 361297
1200 362018
1200 367158
1300 416396
1300 414187
1300 425698
1300 420854
1300 426752
1300 415317
1300 435096
1300 429379
1300 425360
1300 430556
1300 440117
1300 418843
1300 425674
1300 430052
1300 426041
1300 420805
1300 418320
1300 410578
1300 415864
1300 426395
1300 427135
1300 415641
1300 421649
1300 420752
1300 409368
1300 423343
1300 421980
1300 425705
1300 425313
1300 425704
1300 424398
1300 422286
1300 432418
1300 409113
1300 414201
1300 434816
1300 416081
1300 426103
1300 430638
1300 433516
1300 415081
1300 429355
1300 426713
1300 416945
1300 436701
1300 421185
1300 421097
1300 423450
1300 415385
1300 419712
1400 475185
1400 497400
1400 493641
1400 486131
1400 495766
1400 487318
1400 489276
1400 504964
1400 482550
1400 490536
1400 491827
1400 480931
1400 488581
1400 497074
1400 484255
1400 500242
1400 491989
1400 500785
1400 487348
1400 485524
1400 512298
1400 493017
1400 499257
1400 471254
1400 476390
1400 481177
1400 490699
1400 487500
1400 477420
1400 499495
1400 488677
1400 495839
1400 483425
1400 484309
1400 476530
1400 505182
1400 471154
1400 491273
1400 499520
1400 496788
1400 491131
1400 490373
1400 485696
1400 478542
1400 501300
1400 492518
1400 483256
1400 489924
1400 489724
1400 493435
1500 559354
1500 548809
1500 560049
1500 556970
1500 557367
1500 556244
1500 581029
1500 570295
1500 558417
1500 561962
1500 548792
1500 570929
1500 566695
1500 567902
1500 568731
1500 580986
1500 557144
1500 549689
1500 573184
1500 556450
1500 576549
1500 546218
1500 567802
1500 563547
1500 547740
1500 569293
1500 548399
1500 563004
1500 552425
1500 568273
1500 551767
1500 551487
1500 559018
1500 555451
1500 565348
1500 563913
1500 568005
1500 568700
1500 578194
1500 542451
1500 560104
1500 571404
1500 571461
1500 564915
1500 561653
1500 555786
1500 542380
1500 564210
1500 569960
1500 562983
1600 625775
1600 643490
1600 651428
1600 630486
1600 640407
1600 636272
1600 624995
1600 661560
1600 647887
1600 642931
1600 644240
1600 643254
1600 644505
1600 646553
1600 632873
1600 654456
1600 640873
1600 644168
1600 651426
1600 660890
1600 647295
1600 630542
1600 659914
1600 643796
1600 631415
1600 631810
1600 651169
1600 650686
1600 659698
1600 648861
1600 607814
1600 647695
1600 644742
1600 631414
1600 638850
1600 652297
1600 628327
1600 643034
1600 639415
1600 642371
1600 635125
1600 642565
1600 638993
1600 639474
1600 634843
1600 641524
1600 632717
1600 619103
1600 641897
1600 649444
1700 738188
1700 718665
1700 729052
1700 738999
1700 713107
1700 712233
1700 708100
1700 717422
1700 725878
1700 729882
1700 732195
1700 754756
1700 727972
1700 716724
1700 715670
1700 730745
1700 744127
1700 716879
1700 731212
1700 737463
1700 722386
1700 716008
1700 706850
1700 725425
1700 714602
1700 724808
1700 709402
1700 742935
1700 726987
1700 696882
1700 734986
1700 713196
1700 726005
1700 734555
1700 706523
1700 719977
1700 710433
1700 726021
1700 725501
1700 719190
1700 715744
1700 715851
1700 724259
1700 717519
1700 738281
1700 714160
1700 741958
1700 718587
1700 738054
1700 716567
1800 793114
1800 827632
1800 810124
1800 810746
1800 793965
1800 817168
1800 815270
1800 819269
1800 822160
1800 816575
1800 816458
1800 834945
1800 817153
1800 815933
1800 824317
1800 816061
1800 807418
1800 795275
1800 812081
1800 798158
1800 820987
1800 847981
1800 833026
1800 806419
1800 817121
1800 785955
1800 813310
1800 809085
1800 816451
1800 819727
1800 810828
1800 821029
1800 823404
1800 798687
1800 833486
1800 823664
1800 809425
1800 816553
1800 820412
1800 758715
1800 812352
1800 800135
1800 819848
1800 797306
1800 808209
1800 798658
1800 793094
1800 808344
1800 824403
1800 792130
1900 902193
1900 890875
1900 909303
1900 908602
1900 876643
1900 890581
1900 911584
1900 901748
1900 879936
1900 932558
1900 892098
1900 896362
1900 892671
1900 919696
1900 902678
1900 920444
1900 877086
1900 898518
1900 909342
1900 888317
1900 893718
1900 907035
1900 917389
1900 905043
1900 920011
1900 898028
1900 909191
1900 889044
1900 915753
1900 911105
1900 897023
1900 938641
1900 901319
1900 894685
1900 880630
1900 892145
1900 909402
1900 894797
1900 917115
1900 922934
1900 909643
1900 909031
1900 919035
1900 899421
1900 903786
1900 903679
1900 905230
1900 909613
1900 893342
1900 889535
2000 1004244
2000 993832
2000 1012025
2000 1028320
2000 1019218
2000 1003877
2000 1018133
2000 1012108
2000 1019842
2000 1000496
2000 974647
2000 986581
2000 989132
2000 979626
2000 1005499
2000 1005859
2000 1009558
2000 1007117
2000 1028412
2000 982723
2000 991353
2000 975010
2000 1014443
2000 1003014
2000 989740
2000 1021391
2000 978083
2000 987517
2000 995946
2000 1019802
2000 970395
2000 977174
2000 992366
2000 1017896
2000 983276
2000 1009962
2000 985429
2000 1023126
2000 979168
2000 986274
2000 976808
2000 989118
2000 1005134
2000 996393
2000 992186
2000 988655
2000 979323
2000 986888
2000 991934
2000 992908
2100 1103522
2100 1099635
2100 1124162
2100 1102432
2100 1125724
2100 1073865
2100 1083967
2100 1120726
2100 1096043
2100 1105299
2100 1077802
2100 1101712
2100 1103622
2100 1100551
2100 1115389
2100 1109463
2100 1113021
2100 1118738
2100 1117851
2100 1107228
2100 1111093
2100 1101809
2100 1083537
2100 1105256
2100 1119289
2100 1113400
2100 1097708
2100 1117557
2100 1075610
2100 1161335
2100 1097933
2100 1071630
2100 1064975
2100 1121934
2100 1124429
2100 1085062
2100 1104115
2100 1085138
2100 1127345
2100 1078629
2100 1086117
2100 1109230
2100 1125919
2100 1078533
2100 1080757
2100 1098305
2100 1139309
2100 1094205
2100 1091542
2100 1086755
2200 1193444
2200 1224848
2200 1248375
2200 1227025
2200 1197685
2200 1212898
2200 1206667
2200 1239673
2200 1227663
2200 1197447
2200 1208538
2200 1211073
2200 1217592
2200 1201087
2200 1219309
2200 1259532
2200 1217445
2200 1215998
2200 1243519
2200 1211268
2200 1196072
2200 1261338
2200 1215535
2200 1229058
2200 1195098
2200 1189563
2200 1221001
2200 1213193
2200 1173222
2200 1233692
2200 1249453
2200 1226950
2200 1205439
2200 1230291
2200 1232449
2200 1237076
2200 1198560
2200 1213554
2200 1214986
2200 1212097
2200 1190791
2200 1179713
2200 1188106
2200 1202703
2200 1240576
2200 1219376
2200 1210867
2200 1211144
2200 1233096
2200 1196864
2300 1303073
2300 1317911
2300 1327013
2300 1364266
2300 1333472
2300 1325493
2300 1307527
2300 1313429
2300 1349288
2300 1315388
2300 1330319
2300 1337378
2300 1340299
2300 1326002
2300 1334138
2300 1313564
2300 1326020
2300 1373584
2300 1314565
2300 1328931
2300 1342644
2300 1309850
2300 1330611
2300 1301492
2300 1289118
2300 1320944
2300 1312468
2300 1347221
2300 1369491
2300 1328367
2300 1310617
2300 1368735
2300 1328057
2300 1317492
2300 1331054
2300 1309287
2300 1360036
2300 1354164
2300 1328460
2300 1305355
2300 1324300
2300 1296599
2300 1350503
2300 1325798
2300 1317660
2300 1336434
2300 1346774
2300 1351438
2300 1318226
2300 1314943
2400 1405013
2400 1444405
2400 1456511
2400 1450789
2400 1443526
2400 1406932
2400 1458011
2400 1447935
2400 1461591
2400 1431560
2400 1415526
2400 1457407
2400 1418843
2400 1464454
2400 1467262
2400 1412106
2400 1468148
2400 1434342
2400 1455574
2400 1463610
2400 1460570
2400 1461130
2400 1433148
2400 1437563
2400 1407412
2400 1448636
2400 1448515
2400 1439839
2400 1440915
2400 1420085
2400 1446867
2400 1427663
2400 1445470
2400 1464002
2400 1474946
2400 1438700
2400 1443564
2400 1427716
2400 1445236
2400 1433655
2400 1443255
2400 1455206
2400 1464886
2400 1472776
2400 1457338
2400 1425112
2400 1421445
2400 1451556
2400 1467829
2400 1428741
2500 1542974
2500 1571645
2500 1528979
2500 1537852
2500 1581396
2500 1593087
2500 1540302
2500 1524804
2500 1555440
2500 1564911
2500 1565953
2500 1597255
2500 1564051
2500 1543086
2500 1529147
2500 1570190
2500 1585219
2500 1564568
2500 1579013
2500 1587791
2500 1540948
2500 1569101
2500 1540213
2500 1564771
2500 1579982
2500 1580159
2500 1582421
2500 1597713
2500 1537875
2500 1572566
2500 1566101
2500 1549585
2500 1508674
2500 1617303
2500 1549466
2500 1544418
2500 1590400
2500 1577745
2500 1558503
2500 1562166
2500 1549547
2500 1566384
2500 1570291
2500 1542133
2500 1594432
2500 1567281
2500 1591691
2500 1607683
2500 1574525
2500 1547812
2600 1707969
2600 1712544
2600 1696287
2600 1674468
2600 1705024
2600 1712285
2600 1662243
2600 1650459
2600 1718353
2600 1679035
2600 1691434
2600 1669326
2600 1700852
2600 1729082
2600 1684114
2600 1694888
2600 1690871
2600 1674629
2600 1707689
2600 1694367
2600 1698272
2600 1689119
2600 1665377
2600 1721242
2600 1652230
2600 1694084
2600 1695327
2600 1701795
2600 1713667
2600 1680371
2600 1660254
2600 1746216
2600 1697755
2600 1702137
2600 1670479
2600 1700439
2600 1683063
2600 1651361
2600 1697898
2600 1684587
2600 1699200
2600 1714993
2600 1711694
2600 1718243
2600 1679782
2600 1718839
2600 1677877
2600 1724514
2600 1708184
2600 1685176
2700 1805645
2700 1853720
2700 1806887
2700 1882362
2700 1832014
2700 1787868
2700 1795824
2700 1817264
2700 1774285
2700 1785934
2700 1834565
2700 1832193
2700 1826968
2700 1826910
2700 1822199
2700 1864902
2700 1838829
2700 1830185
2700 1849389
2700 1811281
2700 1811515
2700 1847298
2700 1804234
2700 1818356
2700 1827929
2700 1822637
2700 1818381
2700 1835398
2700 1828422
2700 1858258
2700 1803078
2700 1794000
2700 1802551
2700 1851512
2700 1840255
2700 1819387
2700 1868192
2700 1863664
2700 1846762
2700 1838652
2700 1836925
2700 1834013
2700 1813790
2700 1814921
2700 1812297
2700 1823318
2700 1841481
2700 1776339
2700 1791413
2700 1822687
2800 1934704
2800 1955594
2800 1963759
2800 1958144
2800 1917383
2800 2013254
2800 1961010
2800 1960133
2800 1943528
2800 1926641
2800 1941776
2800 2035446
2800 1976612
2800 1963396
2800 1946441
2800 1915647
2800 1977132
2800 1933166
2800 2005957
2800 1974190
2800 1959800
2800 1970464
2800 1941801
2800 1958096
2800 1983534
2800 1977237
2800 1939221
2800 1952964
2800 1965181
2800 1956383
2800 1937291
2800 1990740
2800 1990330
2800 1935864
2800 1975277
2800 1990071
2800 1956188
2800 1937501
2800 1968793
2800 1923361
2800 1992267
2800 1968241
2800 1983210
2800 2008688
2800 1975775
2800 1932503
2800 1964829
2800 1978305
2800 1945565
2800 1941773
2900 2108148
2900 2129085
2900 2124785
2900 2108535
2900 2138268
2900 2116494
2900 2148541
2900 2132095
2900 2123463
2900 2120934
2900 2119040
2900 2069125
2900 2080888
2900 2098513
2900 2077220
2900 2101377
2900 2130517
2900 2057454
2900 2125318
2900 2056282
2900 2104886
2900 2109972
2900 2107062
2900 2112659
2900 2123057
2900 2101854
2900 2093729
2900 2084961
2900 2090585
2900 2105771
2900 2127969
2900 2109087
2900 2135604
2900 2099300
2900 2149848
2900 2126526
2900 2092608
2900 2075763
2900 2087230
2900 2106293
2900 2043879
2900 2119982
2900 2110213
2900 2126081
2900 2141632
2900 2105362
2900 2068034
2900 2071844
2900 2136304
2900 2097273
3000 2293345
3000 2252327
3000 2220337
3000 2278416
3000 2267429
3000 2229850
3000 2244010
3000 2244638
3000 2214879
3000 2214898
3000 2208543
3000 2275189
3000 2255975
3000 2292237
3000 2208979
3000 2247443
3000 2286341
3000 2253341
3000 2213664
3000 2238721
3000 2290572
3000 2231389
3000 2219298
3000 2248715
3000 2190858
3000 2271406
3000 2278102
3000 2252178
3000 2289105
3000 2254082
3000 2265275
3000 2252911
3000 2248181
3000 2251589
3000 2271513
3000 2227008
3000 2228577
3000 2206129
3000 2204586
3000 2257836
3000 2275240
3000 2253319
3000 2238031
3000 2278320
3000 2252456
3000 2296444
3000 2254588
3000 2192760
3000 2252796
3000 2248507
3100 2392126
3100 2398301
3100 2458639
3100 2402262
3100 2427290
3100 2401236
3100 2411830
3100 2395032
3100 2341931
3100 2435566
3100 2378159
3100 2415884
3100 2394014
3100 2424733
3100 2383828
3100 2367675
3100 2378976
3100 2376580
3100 2468295
3100 2363301
3100 2377447
3100 2426309
3100 2388167
3100 2454358
3100 2376385
3100 2426040
3100 2438463
3100 2399162
3100 2388109
3100 2412826
3100 2376807
3100 2411854
3100 2418372
3100 2364631
3100 2428847
3100 2408733
3100 2373080
3100 2367930
3100 2401598
3100 2375449
3100 2417144
3100 2457085
3100 2425202
3100 2383947
3100 2437014
3100 2381933
3100 2467934
3100 2415268
3100 2377101
3100 2378272
3200 2543799
3200 2522946
3200 2538368
3200 2595358
3200 2579372
3200 2608587
3200 2556586
3200 2582192
3200 2556711
3200 2584618
3200 2557261
3200 2541444
3200 2550650
3200 2600087
3200 2541010
3200 2620708
3200 2550869
3200 2579977
3200 2506683
3200 2551537
3200 2571020
3200 2547210
3200 2577574
3200 2553674
3200 2565706
3200 2565785
3200 2547377
3200 2564785
3200 2546498
3200 2560976
3200 2593926
3200 2561671
3200 2591644
3200 2598051
3200 2515675
3200 2592119
3200 2550320
3200 2582387
3200 2533801
3200 2592845
3200 2561092
3200 2547419
3200 2545534
3200 2538874
3200 2519604
3200 2570382
3200 2583808
3200 2552489
3200 2552998
3200 2511174
3300 2711629
3300 2717808
3300 2749354
3300 2693603
3300 2784705
3300 2804266
3300 2691875
3300 2757344
3300 2773976
3300 2682399
3300 2704396
3300 2749462
3300 2778555
3300 2808699
3300 2772731
3300 2718101
3300 2725277
3300 2714929
3300 2729657
3300 2770565
3300 2712624
3300 2712154
3300 2740339
3300 2707187
3300 2765048
3300 2762715
3300 2690263
3300 2697941
3300 2688744
3300 2683857
3300 2710405
3300 2730327
3300 2723473
3300 2694397
3300 2735646
3300 2773208
3300 2677174
3300 2738911
3300 2708623
3300 2751334
3300 2787202
3300 2726525
3300 2760816
3300 2778268
3300 2730444
3300 2737292
3300 2718245
3300 2667212
3300 2735460
3300 2763230
3400 2933660
3400 2833174
3400 2868413
3400 2852634
3400 2821627
3400 2912764
3400 2942030
3400 2876921
3400 2936358
3400 2936893
3400 2891780
3400 2862680
3400 2905097
3400 2888860
3400 2917615
3400 2897746
3400 2908111
3400 2975799
3400 2855163
3400 2887443
3400 2884231
3400 2969102
3400 2948205
3400 2862416
3400 2888255
3400 2917221
3400 2867070
3400 2869240
3400 2933650
3400 2933450
3400 2920407
3400 2915639
3400 2906154
3400 2919925
3400 2936998
3400 2842759
3400 2903735
3400 2925946
3400 2896189
3400 2909405
3400 2903741
3400 2884164
3400 2901707
3400 2915047
3400 2940778
3400 2925118
3400 2897781
3400 2906356
3400 2846188
3400 2914085
3500 3047401
3500 3055688
3500 3055689
3500 3071941
3500 3073066
3500 3103103
3500 3075843
3500 3117957
3500 3042675
3500 3091131
3500 3052555
3500 3040992
3500 3129188
3500 3064069
3500 3013808
3500 3116052
3500 3061999
3500 3062423
3500 3065518
3500 3115782
3500 3069386
3500 3061840
3500 3027180
3500 3039351
3500 3041268
3500 3083217
3500 3073763
3500 3074471
3500 3059777
3500 3090428
3500 3064386
3500 3049148
3500 3063785
3500 3043678
3500 3060391
3500 3050274
3500 3095801
3500 3103975
3500 3044022
3500 3049885
3500 3143916
3500 3114285
3500 3074309
3500 3026631
3500 3057734
3500 3050071
3500 3079700
3500 3086197
3500 3014337
3500 3106785
3600 3263995
3600 3218694
3600 3246218
3600 3279493
3600 3279635
3600 3266071
3600 3248733
3600 3184862
3600 3249594
3600 3271220
3600 3210646
3600 3235652
3600 3251554
3600 3256688
3600 3260866
3600 3283663
3600 3251571
3600 3258076
3600 3223978
3600 3273276
3600 3244083
3600 3260660
3600 3215928
3600 3214069
3600 3226424
3600 3141099
3600 3234047
3600 3216536
3600 3222705
3600 3281253
3600 3243524
3600 3257338
3600 3183161
3600 3268144
3600 3248610
3600 3215976
3600 3280266
3600 3269390
3600 3245107
3600 3250648
3600 3216088
3600 3286750
3600 3294501
3600 3311947
3600 3233373
3600 3216191
3600 3219079
3600 3223018
3600 3274325
3600 3255641
3700 3452398
3700 3408133
3700 3369484
3700 3415239
3700 3476467
3700 3441665
3700 3478150
3700 3408166
3700 3490386
3700 3439879
3700 3411669
3700 3374663
3700 3381648
3700 3448924
3700 3430182
3700 3409191
3700 3416393
3700 3390814
3700 3451618
3700 3354322
3700 3460659
3700 3403242
3700 3389894
3700 3445077
3700 3442668
3700 3437146
3700 3405653
3700 3398537
3700 3431624
3700 3412761
3700 3370194
3700 3336394
3700 3387552
3700 3420129
3700 3439124
3700 3493656
3700 3368150
3700 3409644
3700 3404355
3700 3455939
3700 3449619
3700 3436796
3700 3456173
3700 3457518
3700 3408095
3700 3453226
3700 3364861
3700 3465489
3700 3413248
3700 3394796
3800 3631889
3800 3567460
3800 3634556
3800 3599962
3800 3656317
3800 3602017
3800 3634012
3800 3627334
3800 3592156
3800 3633991
3800 3564334
3800 3598389
3800 3690136
3800 3604457
3800 3651571
3800 3581267
3800 3725134
3800 3604960
3800 3617354
3800 3627400
3800 3642790
3800 3626688
3800 3602286
3800 3605407
3800 3573518
3800 3677146
3800 3540227
3800 3610553
3800 3697583
3800 3613097
3800 3625517
3800 3609500
3800 3589794
3800 3653635
3800 3615548
3800 3596752
3800 3596763
3800 3637241
3800 3607980
3800 3628201
3800 3567152
3800 3613683
3800 3601499
3800 3579327
3800 3644907
3800 3633402
3800 3615126
3800 3616790
3800 3636763
3800 3641934
3900 3740099
3900 3856485
3900 3814819
3900 3801925
3900 3804812
3900 3866806
3900 3845982
3900 3808208
3900 3812042
3900 3834897
3900 3708371
3900 3728298
3900 3794765
3900 3785773
3900 3776010
3900 3757856
3900 3781425
3900 3802316
3900 3773501
3900 3816607
3900 3791481
3900 3752385
3900 3791465
3900 3856042
3900 3817229
3900 3790566
3900 3770190
3900 3819746
3900 3807861
3900 3809539
3900 3871630
3900 3805859
3900 3791435
3900 3742534
3900 3792377
3900 3807588
3900 3729431
3900 3773510
3900 3851850
3900 3790101
3900 3810200
3900 3878225
3900 3797473
3900 3780736
3900 3814782
3900 3834118
3900 3746225
3900 3834456
3900 3791202
3900 3802125
4000 3958764
4000 3987342
4000 3993780
4000 3964782
4000 3952496
4000 3996067
4000 4059761
4000 4038784
4000 3975153
4000 3967388
4000 3929671
4000 3983634
4000 4007531
4000 3936935
4000 3906961
4000 4057756
4000 3915134
4000 3946878
4000 4036299
4000 3970852
4000 3971857
4000 3964945
4000 3983712
4000 3963287
4000 4002288
4000 4033300
4000 3988682
4000 3999154
4000 4046704
4000 4051065
4000 3973548
4000 3975441
4000 3979708
4000 4019654
4000 4053064
4000 4062323
4000 4015768
4000 4063277
4000 4048769
4000 3985435
4000 3940062
4000 3988953
4000 3995603
4000 3962562
4000 3987670
4000 4058247
4000 3996311
4000 3999435
4000 4041231
4000 4034303
4100 4284197
4100 4181660
4100 4192513
4100 4226975
4100 4260945
4100 4172954
4100 4201229
4100 4182898
4100 4187446
4100 4251289
4100 4227499
4100 4194508
4100 4293522
4100 4221933
4100 4194064
4100 4183130
4100 4245103
4100 4196835
4100 4198526
4100 4187572
4100 4173001
4100 4193615
4100 4215253
4100 4226089
4100 4237457
4100 4186878
4100 4323756
4100 4158666
4100 4152747
4100 4191604
4100 4247819
4100 4263270
4100 4273602
4100 4228658
4100 4291282
4100 4237614
4100 4238587
4100 4153772
4100 4222421
4100 4218831
4100 4181222
4100 4255776
4100 4119701
4100 4242065
4100 4103114
4100 4137259
4100 4191056
4100 4271302
4100 4158379
4100 4164249
4200 4434822
4200 4477360
4200 4396926
4200 4314550
4200 4382568
4200 4323007
4200 4392920
4200 4339853
4200 4338534
4200 4394453
4200 4400753
4200 4466695
4200 4512766
4200 4407252
4200 4384418
4200 4489859
4200 4525265
4200 4453273
4200 4459431
4200 4390337
4200 4329354
4200 4379547
4200 4387740
4200 4438550
4200 4407072
4200 4379055
4200 4377004
4200 4405734
4200 4359517
4200 4462248
4200 4439944
4200 4396909
4200 4431235
4200 4339841
4200 4418625
4200 4417915
4200 4388667
4200 4454000
4200 4356251
4200 4427349
4200 4396244
4200 4433821
4200 4424270
4200 4424640
4200 4368134
4200 4336206
4200 4368651
4200 4495025
4200 4372126
4200 4377355
4300 4547475
4300 4661318
4300 4676506
4300 4587478
4300 4607820
4300 4574325
4300 4518129
4300 4636961
4300 4607008
4300 4670855
4300 4614159
4300 4635168
4300 4686629
4300 4621398
4300 4649528
4300 4662748
4300 4701845
4300 4654962
4300 4645573
4300 4598462
4300 4597440
4300 4674510
4300 4562121
4300 4683560
4300 4633287
4300 4562868
4300 4658177
4300 4651703
4300 4666100
4300 4693179
4300 4588146
4300 4644949
4300 4604832
4300 4687530
4300 4649665
4300 4574727
4300 4593167
4300 4670061
4300 4532886
4300 4674243
4300 4644521
4300 4530086
4300 4605505
4300 4692929
4300 4640154
4300 4635397
4300 4591389
4300 4632172
4300 4599631
4300 4562712
4400 4818634
4400 4839261
4400 4888512
4400 4862737
4400 4816671
4400 4796955
4400 4838855
4400 4850744
4400 4827743
4400 4812301
4400 4719907
4400 4879632
4400 4864586
4400 4808328
4400 4785198
4400 4812146
4400 4839157
4400 4882797
4400 4769744
4400 4795543
4400 4861474
4400 4880085
4400 4836398
4400 4806117
4400 4831920
4400 4847335
4400 4833545
4400 4758901
4400 4891291
4400 4876419
4400 4935139
4400 4777800
4400 4798984
4400 4744104
4400 4888617
4400 4811722
4400 4887242
4400 4809260
4400 4793172
4400 4912555
4400 4787870
4400 4882141
4400 4880772
4400 4837472
4400 4820124
4400 4932316
4400 4890955
4400 4781997
4400 4916931
4400 4949345
4500 5056221
4500 5039629
4500 5095314
4500 5043143
4500 5045319
4500 5063322
4500 5049343
4500 5028937
4500 5003874
4500 5108946
4500 5018704
4500 4970326
4500 5090023
4500 5096519
4500 5024424
4500 5024588
4500 5149859
4500 5044021
4500 5015103
4500 5003580
4500 5110439
4500 5059524
4500 5020597
4500 4981298
4500 5045976
4500 5099397
4500 5094503
4500 5046413
4500 5121220
4500 5108402
4500 4998047
4500 5036525
4500 5051999
4500 5048976
4500 5068993
4500 5020067
4500 5038409
4500 5032802
4500 5005389
4500 4950421
4500 5099376
4500 5058375
4500 5104156
4500 5039883
4500 4912964
4500 5086055
4500 5078103
4500 5048299
4500 5048493
4500 4952450
4600 5244409
4600 5300142
4600 5267588
4600 5324084
4600 5311221
4600 5313419
4600 5288839
4600 5222425
4600 5184390
4600 5383375
4600 5362389
4600 5256506
4600 5276337
4600 5329639
4600 5272196
4600 5259666
4600 5246080
4600 5325194
4600 5277613
4600 5308763
4600 5316087
4600 5272209
4600 5380281
4600 5295603
4600 5280782
4600 5232526
4600 5306665
4600 5339056
4600 5291438
4600 5330722
4600 5284930
4600 5333038
4600 5301518
4600 5334986
4600 5344210
4600 5233144
4600 5301398
4600 5274108
4600 5265833
4600 5248650
4600 5261552
4600 5281226
4600 5235336
4600 5239518
4600 5243148
4600 5291353
4600 5191305
4600 5242394
4600 5269466
4600 5315262
4700 5540507
4700 5513343
4700 5499133
4700 5574573
4700 5528760
4700 5531143
4700 5548585
4700 5614121
4700 5535809
4700 5592517
4700 5479764
4700 5478180
4700 5532645
4700 5523342
4700 5502369
4700 5626196
4700 5555217
4700 5477890
4700 5540887
4700 5461692
4700 5452679
4700 5424798
4700 5503727
4700 5591264
4700 5549506
4700 5522114
4700 5575578
4700 5501449
4700 5465599
4700 5460185
4700 5592646
4700 5581051
4700 5509901
4700 5602196
4700 5517464
4700 5483928
4700 5521310
4700 5532923
4700 5500426
4700 5461951
4700 5530116
4700 5555986
4700 5438311
4700 5535698
4700 5591140
4700 5433514
4700 5501256
4700 5560909
4700 5604989
4700 5626237
4800 5715881
4800 5762801
4800 5816481
4800 5701155
4800 5766320
4800 5813809
4800 5658643
4800 5758775
4800 5736641
4800 5768766
4800 5795288
4800 5758968
4800 5818789
4800 5830562
4800 5847338
4800 5700050
4800 5796135
4800 5824212
4800 5734999
4800 5836307
4800 5716976
4800 5736293
4800 5661002
4800 5819975
4800 5788664
4800 5785246
4800 5810406
4800 5780806
4800 5790204
4800 5774343
4800 5718767
4800 5906853
4800 5835164
4800 5801573
4800 5797693
4800 5742124
4800 5780486
4800 5735869
4800 5770948
4800 5719590
4800 5788747
4800 5657460
4800 5758560
4800 5745379
4800 5767659
4800 5788038
4800 5764355
4800 5796541
4800 5732330
4800 5637076
4900 5926186
4900 5998236
4900 6076847
4900 6115076
4900 6031396
4900 5915866
4900 5894560
4900 5992388
4900 5979333
4900 5997994
4900 6071436
4900 6152938
4900 5829350
4900 5984293
4900 5948825
4900 5995875
4900 6085409
4900 5982950
4900 5931010
4900 6057983
4900 6081193
4900 5858486
4900 5985613
4900 5993331
4900 5971047
4900 6068279
4900 5986777
4900 6009472
4900 6042070
4900 5993051
4900 5966299
4900 5971726
4900 5939479
4900 5977097
4900 5971203
4900 5975765
4900 6042635
4900 6063327
4900 6057190
4900 6021451
4900 5996869
4900 5970857
4900 5944758
4900 6097382
4900 6029209
4900 5964357
4900 6052282
4900 5963346
4900 5933879
4900 6035388
5000 6316203
5000 6235763
5000 6161530
5000 6405666
5000 6207461
5000 6264048
5000 6236576
5000 6337936
5000 6238104
5000 6120384
5000 6294580
5000 6221471
5000 6159561
5000 6278947
5000 6346971
5000 6205372
5000 6275235
5000 6356078
5000 6179463
5000 6268091
5000 6217718
5000 6168943
5000 6332394
5000 6272501
5000 6294161
5000 6360937
5000 6211459
5000 6271007
5000 6223406
5000 6233677
5000 6365289
5000 6120679
5000 6297296
5000 6291255
5000 6305309
5000 6285046
5000 6250823
5000 6177460
5000 6237043
5000 6203429
5000 6227171
5000 6156640
5000 6253729
5000 6247592
5000 6246883
5000 6329999
5000 6226651
5000 6267300
5000 6282457
5000 6255970
5100 6474330
5100 6481888
5100 6598718
5100 6499543
5100 6572963
5100 6542374
5100 6559915
5100 6376990
5100 6397862
5100 6420252
5100 6578776
5100 6475202
5100 6432894
5100 6602433
5100 6540142
5100 6497640
5100 6520971
5100 6548177
5100 6502391
5100 6567951
5100 6635092
5100 6415884
5100 6428833
5100 6612054
5100 6548935
5100 6559073
5100 6527209
5100 6493960
5100 6520739
5100 6478617
5100 6456466
5100 6569659
5100 6445179
5100 6527484
5100 6514453
5100 6544650
5100 6523713
5100 6518782
5100 6462390
5100 6504070
5100 6606938
5100 6510783
5100 6555883
5100 6420514
5100 6383265
5100 6482267
5100 6539229
5100 6444825
5100 6490239
5100 6521608
5200 6747137
5200 6744845
5200 6780008
5200 6714431
5200 6644212
5200 6738757
5200 6734652
5200 6698766
5200 6789375
5200 6836778
5200 6777714
5200 6778085
5200 6729860
5200 6809178
5200 6908204
5200 6643238
5200 6759508
5200 6860514
5200 6797803
5200 6782778
5200 6707713
5200 6682547
5200 6778636
5200 6858674
5200 6773510
5200 6694815
5200 6725938
5200 6683343
5200 6725754
5200 6760121
5200 6744201
5200 6739455
5200 6822211
5200 6897147
5200 6748097
5200 6905108
5200 6777912
5200 6788451
5200 6739344
5200 6797781
5200 6815804
5200 6765126
5200 6740374
5200 6825845
5200 6817725
5200 6708594
5200 6756736
5200 6759008
5200 6812474
5200 6821395
5300 7077835
5300 7094994
5300 6995993
5300 7025561
5300 7003885
5300 7103305
5300 6954844
5300 7080833
5300 7084685
5300 7021612
5300 6935257
5300 7019230
5300 7021908
5300 7037032
5300 7054025
5300 7010434
5300 7048209
5300 7030109
5300 6964375
5300 6998779
5300 7031321
5300 7070601
5300 6982211
5300 7019218
5300 7016972
5300 7042368
5300 7105476
5300 7054770
5300 7047120
5300 6983744
5300 7095495
5300 7032689
5300 7003446
5300 7108004
5300 7105213
5300 6943942
5300 6889109
5300 7154194
5300 6855427
5300 6967273
5300 7114585
5300 6991338
5300 6899701
5300 7032692
5300 7049027
5300 6919683
5300 7060333
5300 6993264
5300 7035033
5300 6994372
5400 7334140
5400 7264756
5400 7311463
5400 7267495
5400 7303570
5400 7151252
5400 7285612
5400 7337160
5400 7336601
5400 7304660
5400 7267115
5400 7353483
5400 7275784
5400 7328632
5400 7285567
5400 7255064
5400 7281580
5400 7361882
5400 7232337
5400 7321140
5400 7255704
5400 7305546
5400 7383664
5400 7337245
5400 7234071
5400 7397355
5400 7268466
5400 7322831
5400 7282780
5400 7246724
5400 7326981
5400 7327750
5400 7312237
5400 7344734
5400 7321257
5400 7350637
5400 7186994
5400 7290826
5400 7253907
5400 7287131
5400 7149666
5400 7222453
5400 7256484
5400 7395806
5400 7236916
5400 7396802
5400 7153900
5400 7314454
5400 7271821
5400 7366317
5500 7514474
5500 7647900
5500 7599417
5500 7508360
5500 7534800
5500 7640619
5500 7531116
5500 7625101
5500 7703150
5500 7486837
5500 7519511
5500 7713788
5500 7507226
5500 7613593
5500 7576711
5500 7570125
5500 7422613
5500 7611611
5500 7478454
5500 7435265
5500 7558373
5500 7595589
5500 7586101
5500 7585611
5500 7484247
5500 7561027
5500 7527027
5500 7531867
5500 7653170
5500 7529511
5500 7564096
5500 7640312
5500 7547833
5500 7518738
5500 7584016
5500 7509175
5500 7633955
5500 7563101
5500 7642861
5500 7519360
5500 7665765
5500 7586744
5500 7613613
5500 7558732
5500 7595350
5500 7556868
5500 7563875
5500 7533093
5500 7513422
5500 7629794
5600 7821323
5600 7851502
5600 7827045
5600 7810433
5600 7786918
5600 7932507
5600 7802087
5600 7792306
5600 8003372
5600 7850477
5600 7887430
5600 7798012
5600 7820062
5600 7927574
5600 7859610
5600 7934546
5600 7868255
5600 7840047
5600 7812032
5600 7813382
5600 7795536
5600 7639160
5600 7743539
5600 7783786
5600 7684856
5600 7753797
5600 7836416
5600 7714035
5600 7796133
5600 7851180
5600 7939874
5600 7805689
5600 7962273
5600 7810429
5600 7818219
5600 7849203
5600 7895991
5600 7848865
5600 7878754
5600 7891267
5600 7763457
5600 7836769
5600 7775642
5600 8020388
5600 7828312
5600 7943821
5600 7849730
5600 7851899
5600 7834332
5600 7634167
5700 8225009
5700 8140889
5700 8107852
5700 8076454
5700 8106291
5700 8099780
5700 8149352
5700 8173694
5700 8065404
5700 8138336
5700 8087496
5700 8110178
5700 8147664
5700 8032326
5700 7965557
5700 8213630
5700 8205594
5700 8157133
5700 8153825
5700 8186057
5700 8060895
5700 8079116
5700 8120945
5700 8178819
5700 8196350
5700 7949355
5700 8026223
5700 8062623
5700 8005595
5700 8149373
5700 8032739
5700 8048433
5700 8124608
5700 8117601
5700 8182544
5700 8129052
5700 8223006
5700 8178367
5700 8027739
5700 8083790
5700 8061137
5700 8210448
5700 8014250
5700 8008234
5700 8047996
5700 8081617
5700 8060231
5700 8106512
5700 8136055
5700 8136423
5800 8469859
5800 8455564
5800 8373062
5800 8425345
5800 8392093
5800 8490913
5800 8419228
5800 8348620
5800 8383754
5800 8235505
5800 8364890
5800 8456189
5800 8491134
5800 8376969
5800 8425332
5800 8351379
5800 8384641
5800 8402920
5800 8499059
5800 8436368
5800 8391809
5800 8337053
5800 8309181
5800 8377126
5800 8434010
5800 8371140
5800 8436418
5800 8542677
5800 8344817
5800 8435649
5800 8513991
5800 8465219
5800 8293429
5800 8557828
5800 8399009
5800 8479625
5800 8393231
5800 8465184
5800 8406797
5800 8496701
5800 8492596
5800 8276575
5800 8314492
5800 8373873
5800 8503258
5800 8482149
5800 8376783
5800 8402334
5800 8397818
5800 8422337
5900 8592131
5900 8717850
5900 8655980
5900 8728194
5900 8704672
5900 8725990
5900 8572830
5900 8767409
5900 8692229
5900 8692809
5900 8769690
5900 8753861
5900 8703956
5900 8768356
5900 8704311
5900 8637840
5900 8628062
5900 8762083
5900 8608465
5900 8784065
5900 8630737
5900 8654805
5900 8800080
5900 8683264
5900 8751273
5900 8614212
5900 8666573
5900 8806136
5900 8741495
5900 8784618
5900 8669633
5900 8681407
5900 8633838
5900 8751606
5900 8741500
5900 8708547
5900 8745575
5900 8854014
5900 8719729
5900 8701942
5900 8535529
5900 8741709
5900 8643667
5900 8859545
5900 8674317
5900 8810807
5900 8587517
5900 8680391
5900 8612156
5900 8799888
6000 8975580
6000 9075118
6000 9043595
6000 8992165
6000 8812279
6000 8942111
6000 9053108
6000 9001481
6000 9083335
6000 9096565
6000 9031541
6000 8958816
6000 9095569
6000 8920877
6000 9024986
6000 8933971
6000 9086870
6000 9001412
6000 9126069
6000 8935889
6000 9155727
6000 8976640
6000 9052009
6000 8967901
6000 9048491
6000 9062577
6000 8859624
6000 9039551
6000 8967374
6000 9140324
6000 9079711
6000 9037835
6000 9001797
6000 9089546
6000 8906270
6000 9076299
6000 8958462
6000 8910013
6000 9006643
6000 8938658
6000 9013616
6000 9021718
6000 9103099
6000 8998959
6000 9051223
6000 9107257
6000 9000384
6000 8862988
6000 9062131
6000 8903345
6100 9407068
6100 9272224
6100 9332608
6100 9383217
6100 9361072
6100 9332092
6100 9306675
6100 9408900
6100 9327471
6100 9339787
6100 9395768
6100 9269106
6100 9389492
6100 9318348
6100 9325865
6100 9429868
6100 9332272
6100 9354539
6100 9378310
6100 9174669
6100 9473426
6100 9349634
6100 9278070
6100 9274648
6100 9436146
6100 9309220
6100 9336448
6100 9378424
6100 9273660
6100 9125438
6100 9385585
6100 9244781
6100 9371057
6100 9397455
6100 9184009
6100 9257067
6100 9282228
6100 9164367
6100 9257182
6100 9213534
6100 9364356
6100 9345241
6100 9272666
6100 9320273
6100 9413912
6100 9424126
6100 9240724
6100 9222041
6100 9361490
6100 9335680
6200 9643496
6200 9660008
6200 9569220
6200 9624009
6200 9685761
6200 9702717
6200 9613882
6200 9559180
6200 9559441
6200 9546627
6200 9634814
6200 9597177
6200 9562478
6200 9682487
6200 9554209
6200 9410409
6200 9650158
6200 9641641
6200 9615238
6200 9681188
6200 9627247
6200 9572818
6200 9695558
6200 9676080
6200 9524728
6200 9646513
6200 9429829
6200 9591002
6200 9500612
6200 9694687
6200 9720811
6200 9802058
6200 9495071
6200 9606688
6200 9588933
6200 9714688
6200 9648137
6200 9539072
6200 9560492
6200 9504359
6200 9686736
6200 9619475
6200 9575537
6200 9539108
6200 9597896
6200 9668731
6200 9611399
6200 9696072
6200 9483843
6200 9571051
6300 9979662
6300 9911847
6300 9893238
6300 9891694
6300 9859352
6300 9947229
6300 9917562
6300 9934507
6300 10007607
6300 9894541
6300 10021691
6300 9905819
6300 10015505
6300 9856575
6300 9871985
6300 9861189
6300 9830763
6300 9784634
6300 9953308
6300 9895331
6300 9895908
6300 10020269
6300 9899773
6300 9871592
6300 10036846
6300 9911626
6300 9957976
6300 9895708
6300 9803705
6300 10060869
6300 9906823
6300 9760419
6300 9939453
6300 9916374
6300 9836500
6300 9891217
6300 10000690
6300 10001917
6300 9870126
6300 9919259
6300 9868136
6300 9941352
6300 10041355
6300 9965594
6300 10044527
6300 9886076
6300 9922088
6300 9973697
6300 9920251
6300 10122467
6400 10210406
6400 10260616
6400 10461559
6400 10216581
6400 10230709
6400 10336529
6400 10163577
6400 10166337
6400 10177987
6400 10220556
6400 10171623
6400 10216556
6400 10107336
6400 10265122
6400 10167738
6400 10158045
6400 10259856
6400 10118287
6400 10215275
6400 10132015
6400 10291384
6400 10349367
6400 10288778
6400 10247413
6400 10259256
6400 10326435
6400 10315732
6400 10198487
6400 10193797
6400 10121902
6400 10354718
6400 10332493
6400 10262167
6400 10360341
6400 10192622
6400 10345191
6400 10373403
6400 10341498
6400 10219871
6400 10278120
6400 10196107
6400 10186996
6400 10172347
6400 10206334
6400 10272980
6400 10209384
6400 10206539
6400 10250089
6400 10155193
6400 10413523
6500 10547248
6500 10614921
6500 10568991
6500 10380298
6500 10547074
6500 10576488
6500 10467035
6500 10617019
6500 10617423
6500 10462434
6500 10614776
6500 10484220
6500 10613202
6500 10518505
6500 10776270
6500 10593307
6500 10815981
6500 10506076
6500 10588681
6500 10518427
6500 10619161
6500 10506342
6500 10552650
6500 10665530
6500 10591028
6500 10552698
6500 10643943
6500 10395461
6500 10686586
6500 10588254
6500 10573594
6500 10572617
6500 10463238
6500 10610764
6500 10554762
6500 10594727
6500 10468205
6500 10625811
6500 10523922
6500 10491149
6500 10628242
6500 10536685
6500 10579082
6500 10555689
6500 10611235
6500 10579138
6500 10377077
6500 10769787
6500 10661102
6500 10245277
6600 11064603
6600 10864952
6600 10914581
6600 10881870
6600 10867417
6600 10858439
6600 10943123
6600 10927794
6600 10890254
6600 10935378
6600 11007644
6600 10978970
6600 10732501
6600 10769660
6600 10839152
6600 10710707
6600 10967218
6600 10792559
6600 10887582
6600 10920150
6600 11048707
6600 11077994
6600 10919416
6600 10901607
6600 10840254
6600 10850653
6600 10991602
6600 10817684
6600 10932081
6600 11031682
6600 10835124
6600 10805833
6600 10795663
6600 10750185
6600 10951971
6600 10843442
6600 10835292
6600 10859652
6600 10784292
6600 10891815
6600 10880782
6600 10846599
6600 11015620
6600 10984030
6600 10757647
6600 11015226
6600 10866751
6600 10877931
6600 10878885
6600 10911496
6700 11208697
6700 11401654
6700 11274373
6700 11161197
6700 11193987
6700 11270782
6700 11299064
6700 11315885
6700 11306014
6700 11268454
6700 11409572
6700 11287732
6700 11238622
6700 11300418
6700 11074670
6700 11260779
6700 11136347
6700 11111306
6700 11191332
6700 11249761
6700 11333505
6700 11324044
6700 11226792
6700 11058920
6700 11247833
6700 11232723
6700 11203688
6700 11410161
6700 11257058
6700 11250293
6700 11280513
6700 11246028
6700 11095892
6700 11263842
6700 11330177
6700 11143835
6700 11229622
6700 11269352
6700 11218152
6700 11352085
6700 11323612
6700 11176549
6700 11241231
6700 11477293
6700 11247033
6700 11418713
6700 11253849
6700 11378588
6700 11200482
6700 11067002
6800 11379888
6800 11743438
6800 11547854
6800 11616287
6800 11709242
6800 11647957
6800 11828457
6800 11537166
6800 11525560
6800 11518221
6800 11572993
6800 11559881
6800 11442495
6800 11658222
6800 11483194
6800 11574051
6800 11451645
6800 11471921
6800 11564843
6800 11463567
6800 11517865
6800 11430527
6800 11388003
6800 11589600
6800 11688556
6800 11620210
6800 11561137
6800 11630753
6800 11432620
6800 11547107
6800 11454477
6800 11625123
6800 11668314
6800 11494688
6800 11608770
6800 11654797
6800 11569377
6800 11653780
6800 11534858
6800 11670492
6800 11547847
6800 11543979
6800 11458991
6800 11538877
6800 11655972
6800 11638691
6800 11529813
6800 11479206
6800 11412144
6800 11561993
6900 11852063
6900 11909418
6900 11844683
6900 11710802
6900 11891797
6900 11895799
6900 11854327
6900 11857086
6900 11838555
6900 11760713
6900 11849658
6900 11959970
6900 11999859
6900 11851210
6900 11966467
6900 11955294
6900 11745782
6900 11769787
6900 11872564
6900 11821886
6900 11713288
6900 11850970
6900 11988511
6900 11873575
6900 11884015
6900 11920759
6900 11962988
6900 12117246
6900 12015898
6900 12035765
6900 11925067
6900 11909992
6900 11780035
6900 11984860
6900 11857909
6900 11846644
6900 11770469
6900 12033284
6900 11981656
6900 11966504
6900 11865841
6900 11895863
6900 11904419
6900 11986418
6900 11873873
6900 11910610
6900 11972269
6900 12135808
6900 12070392
6900 11869549
7000 12399471
7000 12213451
7000 12265965
7000 12156028
7000 12271890
7000 12419172
7000 12264076
7000 12229802
7000 12184717
7000 12208351
7000 12028471
7000 12119965
7000 12203293
7000 12309465
7000 12352856
7000 12296391
7000 12289203
7000 12279885
7000 12324378
7000 12225785
7000 12165897
7000 12321256
7000 12375090
7000 12418806
7000 12357080
7000 12389545
7000 12261257
7000 12390027
7000 12273281
7000 12300806
7000 12227020
7000 12144959
7000 12341815
7000 12129759
7000 12209529
7000 12195994
7000 12449789
7000 12266306
7000 12314134
7000 12355069
7000 12196371
7000 12315742
7000 12250163
7000 12240803
7000 12342698
7000 12327607
7000 12414843
7000 12246081
7000 12177582
7000 12209865
7100 12663545
7100 12697048
7100 12663131
7100 12669867
7100 12616593
7100 12586878
7100 12648315
7100 12571764
7100 12681549
7100 12524440
7100 12609861
7100 12487309
7100 12598545
7100 12708598
7100 12559275
7100 12534876
7100 12664448
7100 12484425
7100 12702527
7100 12667055
7100 12434111
7100 12507468
7100 12798851
7100 12683456
7100 12694271
7100 12745316
7100 12582874
7100 12655070
7100 12507163
7100 12677552
7100 12588135
7100 12722347
7100 12552262
7100 12669920
7100 12622108
7100 12465176
7100 12727813
7100 12549236
7100 12736866
7100 12505067
7100 12650607
7100 12770975
7100 12724626
7100 12611885
7100 12523218
7100 12597872
7100 12667446
7100 12596035
7100 12701832
7100 12464220
7200 12792504
7200 12936321
7200 12812237
7200 12849454
7200 12996946
7200 12960390
7200 13084284
7200 13127421
7200 12964512
7200 13017824
7200 12956195
7200 13005753
7200 12963726
7200 13105930
7200 12927199
7200 12916336
7200 12909670
7200 13033031
7200 13001535
7200 13090536
7200 12975680
7200 12763735
7200 12946576
7200 12925831
7200 13040004
7200 13254397
7200 12874941
7200 12883128
7200 13037342
7200 12938644
7200 12994560
7200 12952875
7200 12843584
7200 12836779
7200 12953195
7200 13077651
7200 12840375
7200 13041454
7200 13094402
7200 13080876
7200 12910152
7200 12820846
7200 12867084
7200 12882063
7200 12944630
7200 12998948
7200 12921210
7200 13020477
7200 13054448
7200 13053738
7300 13413474
7300 13258178
7300 13226033
7300 13367890
7300 13354393
7300 13273483
7300 13362758
7300 13347883
7300 13293942
7300 13195591
7300 13438820
7300 13433376
7300 13359699
7300 13364122
7300 13299294
7300 13183383
7300 13357208
7300 13251658
7300 13126884
7300 13397127
7300 13285153
7300 13442921
7300 13389995
7300 13186056
7300 13547941
7300 13487183
7300 13269306
7300 13344425
7300 13329923
7300 13358730
7300 13519574
7300 13280058
7300 13275168
7300 13398523
7300 13360074
7300 13321528
7300 13334889
7300 13400135
7300 13361940
7300 13574242
7300 13311983
7300 13328516
7300 13422669
7300 13412538
7300 13372460
7300 13424524
7300 13362591
7300 13274845
7300 13472525
7300 13434305
7400 13716163
7400 13892485
7400 13844579
7400 13645694
7400 13631068
7400 13638992
7400 13694540
7400 13476147
7400 13696480
7400 13977427
7400 13687769
7400 13708551
7400 13820070
7400 13708569
7400 13738655
7400 13726403
7400 13780476
7400 13636490
7400 13686996
7400 13750239
7400 13629304
7400 13683626
7400 13658549
7400 13790275
7400 13600178
7400 13818262
7400 13768305
7400 13603229
7400 13714565
7400 13819582
7400 13893207
7400 13565871
7400 13768000
7400 13650144
7400 13870808
7400 13874128
7400 13756860
7400 13822897
7400 13707790
7400 13627035
7400 13787555
7400 13798813
7400 13725956
7400 13649843
7400 13814742
7400 13629889
7400 13577756
7400 13826747
7400 13550394
7400 13658156
7500 14221431
7500 14031849
7500 14052415
7500 13990878
7500 14115099
7500 14298540
7500 14166494
7500 14165542
7500 13939829
7500 14124748
7500 14158103
7500 14294601
7500 14206860
7500 14095339
7500 14029764
7500 13911889
7500 14087010
7500 14109833
7500 14102760
7500 13958451
7500 14228706
7500 14092138
7500 14018887
7500 14007478
7500 13955622
7500 13962754
7500 13922547
7500 14070597
7500 13946395
7500 14124767
7500 14065806
7500 14189596
7500 13876421
7500 14206339
7500 14067474
7500 14183401
7500 14186543
7500 13941088
7500 13956164
7500 14051363
7500 14305715
7500 13932862
7500 14073498
7500 14000154
7500 14241965
7500 14105858
7500 14235864
7500 14066680
7500 13957427
7500 14130912
7600 14373266
7600 14336745
7600 14430128
7600 14604186
7600 14506840
7600 14348614
7600 14248730
7600 14404679
7600 14442575
7600 14460904
7600 14356076
7600 14515660
7600 14477554
7600 14412931
7600 14604755
7600 14501852
7600 14465656
7600 14194211
7600 14532410
7600 14575634
7600 14286269
7600 14724871
7600 14510101
7600 14316475
7600 14274869
7600 14618913
7600 14529273
7600 14424081
7600 14351445
7600 14494399
7600 14362365
7600 14448001
7600 14233677
7600 14343659
7600 14337047
7600 14571896
7600 14510376
7600 14473812
7600 14392498
7600 14280700
7600 14322028
7600 14481351
7600 14330945
7600 14268711
7600 14476904
7600 14379678
7600 14502880
7600 14493240
7600 14441214
7600 14442877
7700 14955591
7700 14937715
7700 14903987
7700 14889003
7700 14984672
7700 14699211
7700 14990283
7700 15027643
7700 14811678
7700 14723199
7700 14943432
7700 14863479
7700 14775524
7700 14898939
7700 14953522
7700 14987438
7700 14834245
7700 14895650
7700 15014095
7700 14721286
7700 14980307
7700 14853857
7700 14845237
7700 15016255
7700 14730834
7700 14744807
7700 14767875
7700 14694115
7700 14697308
7700 14928824
7700 15150182
7700 15063877
7700 15050952
7700 14921546
7700 14770636
7700 14805321
7700 14884539
7700 14792790
7700 14721531
7700 14843747
7700 14916486
7700 14728872
7700 14811375
7700 14796773
7700 14670663
7700 15064354
7700 14813284
7700 14841157
7700 14937189
7700 14718515
7800 15222932
7800 15217539
7800 15386810
7800 15162793
7800 15405474
7800 15003909
7800 15170701
7800 14991319
7800 15307259
7800 15072256
7800 15321168
7800 15162188
7800 15245779
7800 15175107
7800 15082438
7800 15115761
7800 15236582
7800 15342551
7800 15308039
7800 15304129
7800 15051920
7800 15089300
7800 15082772
7800 15352116
7800 15160526
7800 15138667
7800 15276548
7800 15289616
7800 15306633
7800 15144555
7800 15218136
7800 14866132
7800 15126770
7800 15437060
7800 15284506
7800 15210033
7800 15395830
7800 15214289
7800 15396129
7800 15408634
7800 15396704
7800 15320072
7800 15163244
7800 15331006
7800 15126366
7800 15332375
7800 15294196
7800 15283574
7800 15000760
7800 15223347
7900 15666957
7900 15452200
7900 15549194
7900 15768930
7900 15672724
7900 15640190
7900 15561092
7900 15595031
7900 15569103
7900 15382039
7900 15623543
7900 15574005
7900 15372466
7900 15450197
7900 15573253
7900 15412583
7900 15675708
7900 15611072
7900 15334725
7900 15624798
7900 15412646
7900 15606761
7900 15625322
7900 15560274
7900 15696608
7900 15551574
7900 15366593
7900 15673245
7900 15537059
7900 15696913
7900 15639022
7900 15467431
7900 15537496
7900 15471606
7900 15375349
7900 15527762
7900 15538556
7900 15629394
7900 15599483
7900 15743558
7900 15597671
7900 15412249
7900 15673897
7900 15754680
7900 15538632
7900 15611440
7900 15559184
7900 15706121
7900 15815408
7900 15606898
8000 15885940
8000 16075920
8000 15829239
8000 15925703
8000 16020976
8000 16115777
8000 15901847
8000 15971239
8000 15888925
8000 15970961
8000 16049517
8000 16056460
8000 16153260
8000 16139448
8000 16011762
8000 16042733
8000 16128150
8000 15913000
8000 16150027
8000 15927388
8000 16021278
8000 15968387
8000 15923745
8000 16122645
8000 15895412
8000 16121909
8000 15990756
8000 15871984
8000 15964338
8000 16116110
8000 15890757
8000 16094090
8000 16042316
8000 15792538
8000 15953276
8000 16145612
8000 15957161
8000 15918057
8000 15956553
8000 15886801
8000 16337078
8000 16256848
8000 16013567
8000 15838103
8000 16322111
8000 15928893
8000 16037841
8000 16043981
8000 16171451
8000 15929015
8100 16598397
8100 16443381
8100 16420190
8100 16407657
8100 16582816
8100 16356854
8100 16266479
8100 16395062
8100 16338252
8100 16146511
8100 16468233
8100 16489721
8100 16310712
8100 16441926
8100 16425449
8100 16470946
8100 16606034
8100 16389570
8100 16553613
8100 16567313
8100 16450681
8100 16343926
8100 16380251
8100 16250054
8100 16441175
8100 16341654
8100 16461316
8100 16346248
8100 16547648
8100 16399985
8100 16433300
8100 16502912
8100 16485921
8100 16331119
8100 16387679
8100 16409878
8100 16451368
8100 16264156
8100 16362895
8100 16431990
8100 16135592
8100 16405854
8100 16305974
8100 16436938
8100 16399337
8100 16433912
8100 16541326
8100 16433755
8100 16362224
8100 16430348
8200 16892224
8200 16724225
8200 16792961
8200 16791133
8200 16839431
8200 16749535
8200 16858925
8200 16674533
8200 16940340
8200 16965676
8200 16773113
8200 17016597
8200 16840619
8200 16611339
8200 17029838
8200 16912541
8200 16873737
8200 16931634
8200 16881578
8200 16791030
8200 16944065
8200 16689609
8200 16878523
8200 17002314
8200 16767916
8200 16657638
8200 16797712
8200 16858817
8200 16863294
8200 16858695
8200 16918201
8200 16724743
8200 16910517
8200 16987584
8200 16682890
8200 16507440
8200 16710139
8200 16705197
8200 16696705
8200 16868368
8200 16887250
8200 16803626
8200 16907213
8200 16741712
8200 16682186
8200 16888777
8200 17068571
8200 16911699
8200 16598598
8200 16808998
8300 17209796
8300 17326950
8300 17341257
8300 17226513
8300 17138450
8300 17367348
8300 17135378
8300 17042377
8300 17245360
8300 17208611
8300 17464571
8300 17234613
8300 17503004
8300 17311038
8300 17213589
8300 17075347
8300 17141823
8300 17232891
8300 17178722
8300 17351574
8300 17196161
8300 17318682
8300 17210812
8300 17240556
8300 17199556
8300 17129455
8300 17204940
8300 17123363
8300 17374189
8300 17361869
8300 17250641
8300 17108493
8300 17161564
8300 16963978
8300 17355599
8300 17275060
8300 17362116
8300 17095919
8300 17211739
8300 17161518
8300 17226069
8300 17057228
8300 17386474
8300 17438135
8300 17472405
8300 17370611
8300 17409427
8300 16862238
8300 17192792
8300 17157724
8400 17446250
8400 17615113
8400 17493196
8400 17700785
8400 17589731
8400 17794051
8400 17664120
8400 17568422
8400 17724229
8400 17747819
8400 17910178
8400 17716547
8400 17829726
8400 17683045
8400 17503543
8400 17552469
8400 17631146
8400 17705071
8400 17582717
8400 17682147
8400 17539252
8400 17710252
8400 17927350
8400 17757907
8400 17799706
8400 17536068
8400 17565835
8400 17474249
8400 17736107
8400 17822177
8400 17898140
8400 17706503
8400 17712578
8400 17598847
8400 17740646
8400 17526379
8400 17504388
8400 17726938
8400 17638965
8400 17597753
8400 17792169
8400 17523271
8400 17511312
8400 17570204
8400 17720214
8400 17649695
8400 17807144
8400 17646753
8400 17592190
8400 17605558
8500 17913260
8500 18112279
8500 17882868
8500 18105353
8500 17891538
8500 17918211
8500 17976870
8500 18209590
8500 18009995
8500 18323188
8500 18064105
8500 18210297
8500 18048003
8500 18332995
8500 18134077
8500 18190017
8500 18279864
8500 18077744
8500 17976654
8500 18088172
8500 17873611
8500 18099786
8500 17946756
8500 18139187
8500 18008720
8500 18220504
8500 17932429
8500 17870126
8500 18075615
8500 18156249
8500 17860831
8500 17858474
8500 17835816
8500 18183625
8500 18106666
8500 17938209
8500 17961739
8500 17994645
8500 17992852
8500 17880061
8500 18158450
8500 18060337
8500 17916421
8500 18053675
8500 17939085
8500 18014190
8500 18141691
8500 18172982
8500 17983821
8500 18056816
8600 18441781
8600 18712511
8600 18562931
8600 18789439
8600 18839000
8600 18324101
8600 18621334
8600 18384029
8600 18667855
8600 18363397
8600 18613055
8600 18653310
8600 18331456
8600 18660972
8600 18479276
8600 18606009
8600 18245858
8600 18512573
8600 18521347
8600 18352813
8600 18519747
8600 18616424
8600 18419979
8600 18597840
8600 18591519
8600 18285693
8600 18703309
8600 18370309
8600 18576704
8600 18353466
8600 18327305
8600 18551958
8600 18488221
8600 18506071
8600 18595795
8600 18539798
8600 18630396
8600 18258136
8600 18591426
8600 18610025
8600 18758224
8600 18525332
8600 18765176
8600 18629877
8600 18475746
8600 18598680
8600 18536407
8600 18646558
8600 18465399
8600 18413224
8700 18809459
8700 18985085
8700 18765752
8700 18717328
8700 19137044
8700 19200627
8700 19107752
8700 18963731
8700 18935225
8700 18876390
8700 18854181
8700 18789181
8700 18963537
8700 18860026
8700 18921785
8700 18961410
8700 19155201
8700 19056349
8700 18890351
8700 19054968
8700 18872303
8700 18967714
8700 19145592
8700 19165265
8700 19029641
8700 19018673
8700 19020490
8700 18974689
8700 18860213
8700 18872017
8700 18825314
8700 19066596
8700 18876126
8700 18871621
8700 18783808
8700 19036862
8700 18849726
8700 19189746
8700 18887944
8700 18767713
8700 18772698
8700 18995668
8700 18646498
8700 19075144
8700 18853558
8700 18881546
8700 18960515
8700 19064097
8700 18724812
8700 19152334
8800 19295390
8800 19485726
8800 19425251
8800 19253530
8800 19346912
8800 19284792
8800 19163795
8800 19256557
8800 19577245
8800 19331865
8800 19404792
8800 19568451
8800 19208052
8800 19422511
8800 19393779
8800 19640673
8800 19242237
8800 19220282
8800 19265897
8800 19241761
8800 19277268
8800 19598383
8800 19360185
8800 19264639
8800 19576812
8800 19280040
8800 19490469
8800 19469496
8800 19331666
8800 19373265
8800 19256923
8800 19372715
8800 19401931
8800 19152709
8800 19210760
8800 19581214
8800 19490736
8800 19335263
8800 19487311
8800 19235898
8800 19309845
8800 19449654
8800 19376798
8800 19253477
8800 19199362
8800 19595923
8800 19318268
8800 19458726
8800 19575679
8800 19339748
8900 19733775
8900 19547984
8900 19894590
8900 19734523
8900 20033355
8900 19588949
8900 19775627
8900 19893403
8900 19694347
8900 19851069
8900 19812946
8900 19795245
8900 19681732
8900 20096002
8900 19827634
8900 19818898
8900 19744417
8900 19543733
8900 19759279
8900 20133449
8900 19868088
8900 19958195
8900 19855648
8900 19559335
8900 19678750
8900 19814924
8900 19667172
8900 19751037
8900 19973315
8900 19751589
8900 19919425
8900 19901056
8900 19616719
8900 19819158
8900 20013517
8900 19738650
8900 19918718
8900 19817091
8900 19678783
8900 19828403
8900 19639630
8900 19761919
8900 19700542
8900 20010117
8900 19703463
8900 19582838
8900 19947940
8900 19848655
8900 19430863
8900 20030013
9000 20207791
9000 20168936
9000 20017390
9000 20288315
9000 20405069
9000 20035723
9000 20436437
9000 19972559
9000 20239244
9000 20356618
9000 20270493
9000 20453851
9000 20254577
9000 20114174
9000 20439311
9000 20146256
9000 20031150
9000 20262218
9000 20316896
9000 20400640
9000 20266451
9000 20196320
9000 20347620
9000 20271304
9000 20195539
9000 20227069
9000 19952656
9000 20237030
9000 20338190
9000 19959020
9000 20185541
9000 20037469
9000 20121645
9000 20362437
9000 20076494
9000 20232519
9000 20445839
9000 20220714
9000 20273561
9000 20045813
9000 20130113
9000 20064074
9000 20389157
9000 20162800
9000 20098861
9000 19977598
9000 20167455
9000 20295181
9000 20237960
9000 20252881
9100 20740021
9100 20765976
9100 20817867
9100 20649379
9100 20690097
9100 20565053
9100 20498143
9100 21010701
9100 20560998
9100 20809765
9100 20801583
9100 20628424
9100 20666568
9100 20913087
9100 20839481
9100 20626017
9100 20631956
9100 20771437
9100 20655258
9100 20464962
9100 20712114
9100 20875357
9100 20680292
9100 20801073
9100 20734350
9100 20496873
9100 20432372
9100 20630674
9100 20852558
9100 20591547
9100 20952712
9100 20819047
9100 20736772
9100 20655531
9100 20723110
9100 20656746
9100 20705202
9100 20662290
9100 20652517
9100 20803990
9100 21043866
9100 20456342
9100 20761684
9100 20522939
9100 20810533
9100 20964268
9100 20853546
9100 20693828
9100 20570444
9100 20848267
9200 21236432
9200 21146298
9200 20766327
9200 21093464
9200 21292140
9200 21065204
9200 21110861
9200 21205545
9200 21116891
9200 21292469
9200 21160065
9200 21457099
9200 21534193
9200 21052049
9200 21141820
9200 21302752
9200 21528454
9200 21192826
9200 21231687
9200 21147048
9200 21215984
9200 21046490
9200 21149484
9200 21052027
9200 21074471
9200 21177655
9200 21275689
9200 20872784
9200 21375300
9200 21216587
9200 20964880
9200 21480364
9200 21216015
9200 21219885
9200 21083971
9200 21016035
9200 21105256
9200 21203109
9200 21273086
9200 21061703
9200 20951978
9200 20868278
9200 20863129
9200 21045178
9200 21012047
9200 21497108
9200 21425210
9200 21206020
9200 21170343
9200 21278372
9300 21404790
9300 21982750
9300 21687102
9300 21451083
9300 21853062
9300 21659796
9300 21412921
9300 21587113
9300 21856717
9300 21635157
9300 21673020
9300 21801368
9300 21639816
9300 21643399
9300 21874940
9300 21558043
9300 21444985
9300 21774124
9300 21490825
9300 21425407
9300 21609105
9300 21567304
9300 21417122
9300 21955928
9300 21708369
9300 21618631
9300 21752831
9300 21536775
9300 21266520
9300 21651976
9300 21764678
9300 21805563
9300 21840368
9300 21696894
9300 21405347
9300 21349212
9300 21444609
9300 21534448
9300 21673074
9300 21837317
9300 21714528
9300 21672947
9300 21639989
9300 21636907
9300 21638699
9300 21484033
9300 21582301
9300 21780842
9300 21615636
9300 21778460
9400 22217367
9400 22093686
9400 22140299
9400 22154923
9400 22142809
9400 22340149
9400 22250825
9400 22074560
9400 22085283
9400 22131371
9400 21908183
9400 22209927
9400 22159919
9400 22364890
9400 22167462
9400 22176402
9400 21942375
9400 22158846
9400 21894063
9400 21966705
9400 22084102
9400 22174597
9400 21899486
9400 22132865
9400 22039894
9400 22115561
9400 22015125
9400 22160410
9400 22178588
9400 21960326
9400 22016680
9400 21988870
9400 22208045
9400 22001756
9400 21879990
9400 22049027
9400 22041416
9400 21977642
9400 21882690
9400 21949013
9400 22070831
9400 21875796
9400 22227681
9400 22150339
9400 21861302
9400 22196251
9400 22116769
9400 22262301
9400 21903147
9400 22036351
9500 22798774
9500 22534046
9500 22723403
9500 22613479
9500 22710780
9500 22864799
9500 22350379
9500 22352810
9500 22428014
9500 22534175
9500 22555411
9500 22618695
9500 22388971
9500 22458822
9500 22411265
9500 22541011
9500 22847899
9500 22696252
9500 22519035
9500 22576649
9500 22428189
9500 22450659
9500 22598278
9500 22526021
9500 22669926
9500 22676506
9500 22706167
9500 22389187
9500 22775100
9500 22601457
9500 22674516
9500 22489722
9500 22387980
9500 22609794
9500 22373998
9500 22349725
9500 22493918
9500 22939625
9500 22578989
9500 22468424
9500 22317574
9500 22453788
9500 22704110
9500 22504003
9500 22608083
9500 22602455
9500 22445239
9500 22508793
9500 22466733
9500 22690475
9600 23022585
9600 22882491
9600 23102059
9600 23318216
9600 22578248
9600 22932251
9600 23170463
9600 22921209
9600 23103145
9600 23328813
9600 22886861
9600 23119845
9600 22891581
9600 23061466
9600 22784936
9600 23126036
9600 22992395
9600 22977887
9600 22819794
9600 23274686
9600 23000370
9600 23177893
9600 23110731
9600 22941520
9600 22902235
9600 23172095
9600 22952065
9600 23137460
9600 22988146
9600 23017340
9600 23069747
9600 23119463
9600 22889051
9600 23055850
9600 22992461
9600 23021950
9600 23244804
9600 22953599
9600 23178068
9600 23401066
9600 23075496
9600 22979757
9600 22646092
9600 23163448
9600 23025829
9600 23194953
9600 23166670
9600 23287433
9600 23011995
9600 22880812
9700 23447702
9700 23621744
9700 23719593
9700 23653325
9700 23439457
9700 23509029
9700 23524121
9700 23227249
9700 23685294
9700 23366404
9700 23517081
9700 23333517
9700 23368810
9700 23204122
9700 23679767
9700 23514246
9700 23416081
9700 23531887
9700 23656891
9700 23659334
9700 23591448
9700 23270419
9700 23501643
9700 23516523
9700 23651751
9700 23694376
9700 23404290
9700 23142781
9700 23413022
9700 23285993
9700 23575206
9700 23599786
9700 23554973
9700 23688088
9700 23444384
9700 23386136
9700 23432551
9700 23376961
9700 23460247
9700 23457654
9700 23239135
9700 23562486
9700 23647992
9700 23753331
9700 23549517
9700 23578650
9700 23520350
9700 23867507
9700 23440746
9700 23510265
9800 23838992
9800 24072612
9800 24118621
9800 24277895
9800 23853034
9800 23794371
9800 24099995
9800 23825593
9800 24052304
9800 23993789
9800 24117243
9800 24196151
9800 23998423
9800 24184678
9800 24144278
9800 24259242
9800 23892896
9800 24278333
9800 23939101
9800 23652544
9800 24356786
9800 23707163
9800 24109905
9800 23893711
9800 23901712
9800 23946433
9800 23995245
9800 24193644
9800 24136395
9800 23945290
9800 24100167
9800 24148950
9800 24133189
9800 24065541
9800 24219160
9800 24150887
9800 24076672
9800 23633167
9800 23828915
9800 24103022
9800 24122676
9800 23737618
9800 24018131
9800 23992026
9800 23642096
9800 23943170
9800 23973321
9800 23885495
9800 24016501
9800 24318405
9900 24459779
9900 24506240
9900 24487271
9900 24851315
9900 24640140
9900 24553328
9900 24227237
9900 24732073
9900 24408029
9900 24555998
9900 24195856
9900 24452513
9900 24643299
9900 24333448
9900 24564622
9900 24514879
9900 24306027
9900 24704077
9900 24330901
9900 24495308
9900 24693496
9900 24595311
9900 24826141
9900 24301007
9900 24525741
9900 24212298
9900 24292432
9900 24692034
9900 24770387
9900 24426673
9900 24734412
9900 24469283
9900 24492711
9900 24637293
9900 24404941
9900 24316502
9900 24726648
9900 24712055
9900 24656493
9900 24258627
9900 24457264
9900 24401771
9900 24208483
9900 24390822
9900 24359344
9900 24582522
9900 24494489
9900 24544610
9900 24504799
9900 24354411
10000 24944720
10000 25279361
10000 25308862
10000 25067879
10000 25240374
10000 25187552
10000 25280580
10000 25283903
10000 24923008
10000 25032745
10000 25049214
10000 25142005
10000 24979903
10000 24586760
10000 25068466
10000 24980526
10000 25038526
10000 24837972
10000 25247765
10000 24738432
10000 24895505
10000 25114126
10000 25087057
10000 24572704
10000 24758522
10000 24909223
10000 24987518
10000 24952171
10000 25141891
10000 25107609
10000 24791462
10000 24923097
10000 25193256
10000 24966646
10000 24955710
10000 24890173
10000 25089137
10000 24956996
10000 25065974
10000 24659691
10000 25011823
10000 25286517
10000 24907461
10000 24793165
10000 24877091
10000 24928830
10000 24947653
10000 24802328
10000 24875954
10000 24852850
