100 2266
100 2403
100 2626
100 2672
100 2794
100 2449
100 2525
100 2546
100 2715
100 2380
100 2547
100 2672
100 2612
100 2298
100 2593
100 2420
100 2715
100 2771
100 2313
100 2624
100 2438
100 2594
100 2786
100 2525
100 2275
100 2751
100 2516
100 2123
100 2194
100 2353
100 2358
100 2450
100 2511
100 2460
100 2401
100 2241
100 2710
100 2551
100 2380
100 2825
100 2330
100 2505
100 2522
100 2784
100 2592
100 2736
100 2426
100 2663
100 2288
100 2321
200 10592
200 9625
200 9724
200 9685
200 9169
200 10417
200 10796
200 9208
200 10619
200 9902
200 9412
200 8995
200 10616
200 10373
200 10591
200 9565
200 9770
200 9986
200 10539
200 9501
200 9345
200 9801
200 9704
200 10393
200 10625
200 9915
200 9604
200 9395
200 10486
200 9872
200 10090
200 10097
200 9844
200 11339
200 10386
200 10127
200 9612
200 10850
200 10857
200 10146
200 8974
200 10059
200 10089
200 10301
200 10520
200 10762
200 9902
200 10160
200 9649
200 10576
300 21616
300 21835
300 21991
300 23092
300 23321
300 22934
300 22335
300 22120
300 22809
300 23071
300 20713
300 23065
300 22345
300 22027
300 23066
300 24785
300 21471
300 23532
300 22858
300 22459
300 22413
300 21549
300 21132
300 21948
300 22749
300 22225
300 23193
300 22742
300 23178
300 21297
300 21848
300 22176
300 23829
300 21179
300 23657
300 23226
300 23665
300 22312
300 21769
300 22974
300 20592
300 23020
300 21590
300 22476
300 22066
300 22164
300 23246
300 23051
300 21537
300 23806
400 38629
400 42382
400 40828
400 43958
400 38325
400 40215
400 40240
400 38776
400 40268
400 41362
400 41997
400 40690
400 40380
400 42275
400 40246
400 39297
400 43556
400 39632
400 40172
400 40675
400 38822
400 40419
400 40134
400 40546
400 40394
400 38182
400 39225
400 40450
400 41110
400 40186
400 40335
400 40179
400 41175
400 42847
400 40180
400 42503
400 38230
400 38740
400 38571
400 42385
400 40470
400 40577
400 39709
400 41450
400 41001
400 41134
400 36591
400 39540
400 37931
400 40815
500 63964
500 61444
500 63912
500 60150
500 63979
500 62547
500 62435
500 61577
500 62064
500 63737
500 64367
500 63431
500 62570
500 63971
500 63692
500 64063
500 59057
500 62050
500 60691
500 61610
500 63136
500 61981
500 62680
500 62908
500 62139
500 61758
500 63726
500 64696
500 61676
500 64855
500 64081
500 62764
500 63850
500 60922
500 63936
500 61811
500 63254
500 65666
500 64974
500 60331
500 60030
500 59703
500 62712
500 60369
500 61433
500 64040
500 61037
500 66643
500 64975
500 61273
600 89873
600 89095
600 92151
600 90213
600 87903
600 93617
600 91978
600 92093
600 86645
600 86917
600 90006
600 90514
600 88258
600 89394
600 89368
600 87698
600 91297
600 92283
600 88445
600 90841
600 90079
600 91962
600 90576
600 92644
600 89025
600 88052
600 89597
600 87448
600 91589
600 90279
600 90095
600 93108
600 91524
600 89464
600 93196
600 92057
600 90843
600 87192
600 87760
600 91698
600 86805
600 90554
600 84604
600 87060
600 90210
600 85377
600 87045
600 91386
600 92790
600 86843
700 118800
700 126230
700 125323
700 122135
700 123878
700 129135
700 124270
700 120808
700 121947
700 120482
700 119609
700 123766
700 121789
700 122126
700 123502
700 116210
700 119854
700 122510
700 124987
700 121004
700 129237
700 128049
700 113371
700 124909
700 125165
700 118189
700 124730
700 119217
700 123093
700 119615
700 116326
700 123293
700 120599
700 117686
700 119467
700 124468
700 120669
700 123100
700 123227
700 124753
700 119450
700 118658
700 124554
700 121149
700 119813
700 121393
700 124463
700 127010
700 120001
700 119701
800 166261
800 160693
800 157222
800 161055
800 155416
800 149494
800 157440
800 163776
800 159459
800 157992
800 157646
800 161217
800 156367
800 160513
800 159072
800 156073
800 160504
800 154047
800 160693
800 155737
800 146117
800 160121
800 157925
800 158384
800 155081
800 165471
800 158254
800 155745
800 155563
800 157525
800 159155
800 158180
800 161615
800 161530
800 165972
800 148520
800 160090
800 162707
800 152188
800 163246
800 155383
800 161622
800 165136
800 158074
800 157751
800 158621
800 153376
800 161073
800 159279
800 155993
900 205541
900 202973
900 200978
900 206583
900 207482
900 193488
900 193741
900 208122
900 202367
900 203199
900 200044
900 196838
900 199434
900 196379
900 205648
900 208800
900 205293
900 205039
900 195609
900 198737
900 192316
900 195685
900 200612
900 205255
900 193337
900 209094
900 196487
900 205747
900 207924
900 213633
900 201240
900 206218
900 203757
900 195565
900 202075
900 205549
900 192338
900 209067
900 207157
900 204702
900 201970
900 210935
900 206898
900 199637
900 205436
900 201603
900 208890
900 199470
900 196207
900 199868
1000 253126
1000 238694
1000 251483
1000 254026
1000 240158
1000 257435
1000 251855
1000 250682
1000 254937
1000 252694
1000 241256
1000 251845
1000 252753
1000 257334
1000 253396
1000 253769
1000 249229
1000 246100
1000 247459
1000 253343
1000 258448
1000 249190
1000 245833
1000 262804
1000 257983
1000 253982
1000 244247
1000 248895
1000 242603
1000 254251
1000 254312
1000 249355
1000 256116
1000 250715
1000 252869
1000 257547
1000 250909
1000 243787
1000 245483
1000 251275
1000 250966
1000 251667
1000 248851
1000 248463
1000 250096
1000 262582
1000 245344
1000 247245
1000 247160
1000 255714
1100 304000
1100 289741
1100 308073
1100 292676
1100 302460
1100 295867
1100 303622
1100 297848
1100 297209
1100 290381
1100 303853
1100 308118
1100 307386
1100 303896
1100 295526
1100 304796
1100 316692
1100 302833
1100 294568
1100 312828
1100 299688
1100 309540
1100 305005
1100 300828
1100 296819
1100 310514
1100 303748
1100 313756
1100 300006
1100 296677
1100 298228
1100 298620
1100 311584
1100 306726
1100 307061
1100 304573
1100 310854
1100 304316
1100 299897
1100 294418
1100 295822
1100 306379
1100 304435
1100 311937
1100 307924
1100 302273
1100 307250
1100 299890
1100 312183
1100 298763
1200 357369
1200 359510
1200 356334
1200 355935
1200 356591
1200 369963
1200 359289
1200 360272
1200 357622
1200 363070
1200 362554
1200 354671
1200 353564
1200 367794
1200 356536
1200 362747
1200 355671
1200 356933
1200 363298
1200 365358
1200 354006
1200 370683
1200 372276
1200 370040
1200 361281
1200 369274
1200 374353
1200 363760
1200 371579
1200 366957
1200 362984
1200 363337
1200 373455
1200 362557
1200 356577
1200 361749
1200 368497
1200 374176
1200 361047
1200 354935
1200 346523
1200 368508
1200 361802
1200 364638
1200 362139
1200 340825
1200 363482
1200 360098
1200 360819
1200 365959
1300 415097
1300 412888
1300 424399
1300 419555
1300 425453
1300 414018
1300 433797
1300 428080
1300 424061
1300 429257
1300 438818
1300 417544
1300 424375
1300 428753
1300 424742
1300 419506
1300 417021
1300 409279
1300 414565
1300 425096
1300 425836
1300 414342
1300 420350
1300 419453
1300 408069
1300 422044
1300 420681
1300 424406
1300 424014
1300 424405
1300 423099
1300 420987
1300 431119
1300 407814
1300 412902
1300 433517
1300 414782
1300 424804
1300 429339
1300 432217
1300 413782
1300 428056
1300 425414
1300 415646
1300 435402
1300 419886
1300 419798
1300 422151
1300 414086
1300 418413
1400 473786
1400 496001
1400 492242
1400 484732
1400 494367
1400 485919
1400 487877
1400 503565
1400 481151
1400 489137
1400 490428
1400 479532
1400 487182
1400 495675
1400 482856
1400 498843
1400 490590
1400 499386
1400 485949
1400 484125
1400 510899
1400 491618
1400 497858
1400 469855
1400 474991
1400 479778
1400 489300
1400 486101
1400 476021
1400 498096
1400 487278
1400 494440
1400 482026
1400 482910
1400 475131
1400 503783
1400 469755
1400 489874
1400 498121
1400 495389
1400 489732
1400 488974
1400 484297
1400 477143
1400 499901
1400 491119
1400 481857
1400 488525
1400 488325
1400 492036
1500 557855
1500 547310
1500 558550
1500 555471
1500 555868
1500 554745
1500 579530
1500 568796
1500 556918
1500 560463
1500 547293
1500 569430
1500 565196
1500 566403
1500 567232
1500 579487
1500 555645
1500 548190
1500 571685
1500 554951
1500 575050
1500 544719
1500 566303
1500 562048
1500 546241
1500 567794
1500 546900
1500 561505
1500 550926
1500 566774
1500 550268
1500 549988
1500 557519
1500 553952
1500 563849
1500 562414
1500 566506
1500 567201
1500 576695
1500 540952
1500 558605
1500 569905
1500 569962
1500 563416
1500 560154
1500 554287
1500 540881
1500 562711
1500 568461
1500 561484
1600 624176
1600 641891
1600 649829
1600 628887
1600 638808
1600 634673
1600 623396
1600 659961
1600 646288
1600 641332
1600 642641
1600 641655
1600 642906
1600 644954
1600 631274
1600 652857
1600 639274
1600 642569
1600 649827
1600 659291
1600 645696
1600 628943
1600 658315
1600 642197
1600 629816
1600 630211
1600 649570
1600 649087
1600 658099
1600 647262
1600 606215
1600 646096
1600 643143
1600 629815
1600 637251
1600 650698
1600 626728
1600 641435
1600 637816
1600 640772
1600 633526
1600 640966
1600 637394
1600 637875
1600 633244
1600 639925
1600 631118
1600 617504
1600 640298
1600 647845
1700 736489
1700 716966
1700 727353
1700 737300
1700 711408
1700 710534
1700 706401
1700 715723
1700 724179
1700 728183
1700 730496
1700 753057
1700 726273
1700 715025
1700 713971
1700 729046
1700 742428
1700 715180
1700 729513
1700 735764
1700 720687
1700 714309
1700 705151
1700 723726
1700 712903
1700 723109
1700 707703
1700 741236
1700 725288
1700 695183
1700 733287
1700 711497
1700 724306
1700 732856
1700 704824
1700 718278
1700 708734
1700 724322
1700 723802
1700 717491
1700 714045
1700 714152
1700 722560
1700 715820
1700 736582
1700 712461
1700 740259
1700 716888
1700 736355
1700 714868
1800 791315
1800 825833
1800 808325
1800 808947
1800 792166
1800 815369
1800 813471
1800 817470
1800 820361
1800 814776
1800 814659
1800 833146
1800 815354
1800 814134
1800 822518
1800 814262
1800 805619
1800 793476
1800 810282
1800 796359
1800 819188
1800 846182
1800 831227
1800 804620
1800 815322
1800 784156
1800 811511
1800 807286
1800 814652
1800 817928
1800 809029
1800 819230
1800 821605
1800 796888
1800 831687
1800 821865
1800 807626
1800 814754
1800 818613
1800 756916
1800 810553
1800 798336
1800 818049
1800 795507
1800 806410
1800 796859
1800 791295
1800 806545
1800 822604
1800 790331
1900 900294
1900 888976
1900 907404
1900 906703
1900 874744
1900 888682
1900 909685
1900 899849
1900 878037
1900 930659
1900 890199
1900 894463
1900 890772
1900 917797
1900 900779
1900 918545
1900 875187
1900 896619
1900 907443
1900 886418
1900 891819
1900 905136
1900 915490
1900 903144
1900 918112
1900 896129
1900 907292
1900 887145
1900 913854
1900 909206
1900 895124
1900 936742
1900 899420
1900 892786
1900 878731
1900 890246
1900 907503
1900 892898
1900 915216
1900 921035
1900 907744
1900 907132
1900 917136
1900 897522
1900 901887
1900 901780
1900 903331
1900 907714
1900 891443
1900 887636
2000 1002245
2000 991833
2000 1010026
2000 1026321
2000 1017219
2000 1001878
2000 1016134
2000 1010109
2000 1017843
2000 998497
2000 972648
2000 984582
2000 987133
2000 977627
2000 1003500
2000 1003860
2000 1007559
2000 1005118
2000 1026413
2000 980724
2000 989354
2000 973011
2000 1012444
2000 1001015
2000 987741
2000 1019392
2000 976084
2000 985518
2000 993947
2000 1017803
2000 968396
2000 975175
2000 990367
2000 1015897
2000 981277
2000 1007963
2000 983430
2000 1021127
2000 977169
2000 984275
2000 974809
2000 987119
2000 1003135
2000 994394
2000 990187
2000 986656
2000 977324
2000 984889
2000 989935
2000 990909
2100 1101423
2100 1097536
2100 1122063
2100 1100333
2100 1123625
2100 1071766
2100 1081868
2100 1118627
2100 1093944
2100 1103200
2100 1075703
2100 1099613
2100 1101523
2100 1098452
2100 1113290
2100 1107364
2100 1110922
2100 1116639
2100 1115752
2100 1105129
2100 1108994
2100 1099710
2100 1081438
2100 1103157
2100 1117190
2100 1111301
2100 1095609
2100 1115458
2100 1073511
2100 1159236
2100 1095834
2100 1069531
2100 1062876
2100 1119835
2100 1122330
2100 1082963
2100 1102016
2100 1083039
2100 1125246
2100 1076530
2100 1084018
2100 1107131
2100 1123820
2100 1076434
2100 1078658
2100 1096206
2100 1137210
2100 1092106
2100 1089443
2100 1084656
2200 1191245
2200 1222649
2200 1246176
2200 1224826
2200 1195486
2200 1210699
2200 1204468
2200 1237474
2200 1225464
2200 1195248
2200 1206339
2200 1208874
2200 1215393
2200 1198888
2200 1217110
2200 1257333
2200 1215246
2200 1213799
2200 1241320
2200 1209069
2200 1193873
2200 1259139
2200 1213336
2200 1226859
2200 1192899
2200 1187364
2200 1218802
2200 1210994
2200 1171023
2200 1231493
2200 1247254
2200 1224751
2200 1203240
2200 1228092
2200 1230250
2200 1234877
2200 1196361
2200 1211355
2200 1212787
2200 1209898
2200 1188592
2200 1177514
2200 1185907
2200 1200504
2200 1238377
2200 1217177
2200 1208668
2200 1208945
2200 1230897
2200 1194665
2300 1300774
2300 1315612
2300 1324714
2300 1361967
2300 1331173
2300 1323194
2300 1305228
2300 1311130
2300 1346989
2300 1313089
2300 1328020
2300 1335079
2300 1338000
2300 1323703
2300 1331839
2300 1311265
2300 1323721
2300 1371285
2300 1312266
2300 1326632
2300 1340345
2300 1307551
2300 1328312
2300 1299193
2300 1286819
2300 1318645
2300 1310169
2300 1344922
2300 1367192
2300 1326068
2300 1308318
2300 1366436
2300 1325758
2300 1315193
2300 1328755
2300 1306988
2300 1357737
2300 1351865
2300 1326161
2300 1303056
2300 1322001
2300 1294300
2300 1348204
2300 1323499
2300 1315361
2300 1334135
2300 1344475
2300 1349139
2300 1315927
2300 1312644
2400 1402614
2400 1442006
2400 1454112
2400 1448390
2400 1441127
2400 1404533
2400 1455612
2400 1445536
2400 1459192
2400 1429161
2400 1413127
2400 1455008
2400 1416444
2400 1462055
2400 1464863
2400 1409707
2400 1465749
2400 1431943
2400 1453175
2400 1461211
2400 1458171
2400 1458731
2400 1430749
2400 1435164
2400 1405013
2400 1446237
2400 1446116
2400 1437440
2400 1438516
2400 1417686
2400 1444468
2400 1425264
2400 1443071
2400 1461603
2400 1472547
2400 1436301
2400 1441165
2400 1425317
2400 1442837
2400 1431256
2400 1440856
2400 1452807
2400 1462487
2400 1470377
2400 1454939
2400 1422713
2400 1419046
2400 1449157
2400 1465430
2400 1426342
2500 1540475
2500 1569146
2500 1526480
2500 1535353
2500 1578897
2500 1590588
2500 1537803
2500 1522305
2500 1552941
2500 1562412
2500 1563454
2500 1594756
2500 1561552
2500 1540587
2500 1526648
2500 1567691
2500 1582720
2500 1562069
2500 1576514
2500 1585292
2500 1538449
2500 1566602
2500 1537714
2500 1562272
2500 1577483
2500 1577660
2500 1579922
2500 1595214
2500 1535376
2500 1570067
2500 1563602
2500 1547086
2500 1506175
2500 1614804
2500 1546967
2500 1541919
2500 1587901
2500 1575246
2500 1556004
2500 1559667
2500 1547048
2500 1563885
2500 1567792
2500 1539634
2500 1591933
2500 1564782
2500 1589192
2500 1605184
2500 1572026
2500 1545313
2600 1705370
2600 1709945
2600 1693688
2600 1671869
2600 1702425
2600 1709686
2600 1659644
2600 1647860
2600 1715754
2600 1676436
2600 1688835
2600 1666727
2600 1698253
2600 1726483
2600 1681515
2600 1692289
2600 1688272
2600 1672030
2600 1705090
2600 1691768
2600 1695673
2600 1686520
2600 1662778
2600 1718643
2600 1649631
2600 1691485
2600 1692728
2600 1699196
2600 1711068
2600 1677772
2600 1657655
2600 1743617
2600 1695156
2600 1699538
2600 1667880
2600 1697840
2600 1680464
2600 1648762
2600 1695299
2600 1681988
2600 1696601
2600 1712394
2600 1709095
2600 1715644
2600 1677183
2600 1716240
2600 1675278
2600 1721915
2600 1705585
2600 1682577
2700 1802946
2700 1851021
2700 1804188
2700 1879663
2700 1829315
2700 1785169
2700 1793125
2700 1814565
2700 1771586
2700 1783235
2700 1831866
2700 1829494
2700 1824269
2700 1824211
2700 1819500
2700 1862203
2700 1836130
2700 1827486
2700 1846690
2700 1808582
2700 1808816
2700 1844599
2700 1801535
2700 1815657
2700 1825230
2700 1819938
2700 1815682
2700 1832699
2700 1825723
2700 1855559
2700 1800379
2700 1791301
2700 1799852
2700 1848813
2700 1837556
2700 1816688
2700 1865493
2700 1860965
2700 1844063
2700 1835953
2700 1834226
2700 1831314
2700 1811091
2700 1812222
2700 1809598
2700 1820619
2700 1838782
2700 1773640
2700 1788714
2700 1819988
2800 1931905
2800 1952795
2800 1960960
2800 1955345
2800 1914584
2800 2010455
2800 1958211
2800 1957334
2800 1940729
2800 1923842
2800 1938977
2800 2032647
2800 1973813
2800 1960597
2800 1943642
2800 1912848
2800 1974333
2800 1930367
2800 2003158
2800 1971391
2800 1957001
2800 1967665
2800 1939002
2800 1955297
2800 1980735
2800 1974438
2800 1936422
2800 1950165
2800 1962382
2800 1953584
2800 1934492
2800 1987941
2800 1987531
2800 1933065
2800 1972478
2800 1987272
2800 1953389
2800 1934702
2800 1965994
2800 1920562
2800 1989468
2800 1965442
2800 1980411
2800 2005889
2800 1972976
2800 1929704
2800 1962030
2800 1975506
2800 1942766
2800 1938974
2900 2105249
2900 2126186
2900 2121886
2900 2105636
2900 2135369
2900 2113595
2900 2145642
2900 2129196
2900 2120564
2900 2118035
2900 2116141
2900 2066226
2900 2077989
2900 2095614
2900 2074321
2900 2098478
2900 2127618
2900 2054555
2900 2122419
2900 2053383
2900 2101987
2900 2107073
2900 2104163
2900 2109760
2900 2120158
2900 2098955
2900 2090830
2900 2082062
2900 2087686
2900 2102872
2900 2125070
2900 2106188
2900 2132705
2900 2096401
2900 2146949
2900 2123627
2900 2089709
2900 2072864
2900 2084331
2900 2103394
2900 2040980
2900 2117083
2900 2107314
2900 2123182
2900 2138733
2900 2102463
2900 2065135
2900 2068945
2900 2133405
2900 2094374
3000 2290346
3000 2249328
3000 2217338
3000 2275417
3000 2264430
3000 2226851
3000 2241011
3000 2241639
3000 2211880
3000 2211899
3000 2205544
3000 2272190
3000 2252976
3000 2289238
3000 2205980
3000 2244444
3000 2283342
3000 2250342
3000 2210665
3000 2235722
3000 2287573
3000 2228390
3000 2216299
3000 2245716
3000 2187859
3000 2268407
3000 2275103
3000 2249179
3000 2286106
3000 2251083
3000 2262276
3000 2249912
3000 2245182
3000 2248590
3000 2268514
3000 2224009
3000 2225578
3000 2203130
3000 2201587
3000 2254837
3000 2272241
3000 2250320
3000 2235032
3000 2275321
3000 2249457
3000 2293445
3000 2251589
3000 2189761
3000 2249797
3000 2245508
3100 2389027
3100 2395202
3100 2455540
3100 2399163
3100 2424191
3100 2398137
3100 2408731
3100 2391933
3100 2338832
3100 2432467
3100 2375060
3100 2412785
3100 2390915
3100 2421634
3100 2380729
3100 2364576
3100 2375877
3100 2373481
3100 2465196
3100 2360202
3100 2374348
3100 2423210
3100 2385068
3100 2451259
3100 2373286
3100 2422941
3100 2435364
3100 2396063
3100 2385010
3100 2409727
3100 2373708
3100 2408755
3100 2415273
3100 2361532
3100 2425748
3100 2405634
3100 2369981
3100 2364831
3100 2398499
3100 2372350
3100 2414045
3100 2453986
3100 2422103
3100 2380848
3100 2433915
3100 2378834
3100 2464835
3100 2412169
3100 2374002
3100 2375173
3200 2540600
3200 2519747
3200 2535169
3200 2592159
3200 2576173
3200 2605388
3200 2553387
3200 2578993
3200 2553512
3200 2581419
3200 2554062
3200 2538245
3200 2547451
3200 2596888
3200 2537811
3200 2617509
3200 2547670
3200 2576778
3200 2503484
3200 2548338
3200 2567821
3200 2544011
3200 2574375
3200 2550475
3200 2562507
3200 2562586
3200 2544178
3200 2561586
3200 2543299
3200 2557777
3200 2590727
3200 2558472
3200 2588445
3200 2594852
3200 2512476
3200 2588920
3200 2547121
3200 2579188
3200 2530602
3200 2589646
3200 2557893
3200 2544220
3200 2542335
3200 2535675
3200 2516405
3200 2567183
3200 2580609
3200 2549290
3200 2549799
3200 2507975
3300 2708330
3300 2714509
3300 2746055
3300 2690304
3300 2781406
3300 2800967
3300 2688576
3300 2754045
3300 2770677
3300 2679100
3300 2701097
3300 2746163
3300 2775256
3300 2805400
3300 2769432
3300 2714802
3300 2721978
3300 2711630
3300 2726358
3300 2767266
3300 2709325
3300 2708855
3300 2737040
3300 2703888
3300 2761749
3300 2759416
3300 2686964
3300 2694642
3300 2685445
3300 2680558
3300 2707106
3300 2727028
3300 2720174
3300 2691098
3300 2732347
3300 2769909
3300 2673875
3300 2735612
3300 2705324
3300 2748035
3300 2783903
3300 2723226
3300 2757517
3300 2774969
3300 2727145
3300 2733993
3300 2714946
3300 2663913
3300 2732161
3300 2759931
3400 2930261
3400 2829775
3400 2865014
3400 2849235
3400 2818228
3400 2909365
3400 2938631
3400 2873522
3400 2932959
3400 2933494
3400 2888381
3400 2859281
3400 2901698
3400 2885461
3400 2914216
3400 2894347
3400 2904712
3400 2972400
3400 2851764
3400 2884044
3400 2880832
3400 2965703
3400 2944806
3400 2859017
3400 2884856
3400 2913822
3400 2863671
3400 2865841
3400 2930251
3400 2930051
3400 2917008
3400 2912240
3400 2902755
3400 2916526
3400 2933599
3400 2839360
3400 2900336
3400 2922547
3400 2892790
3400 2906006
3400 2900342
3400 2880765
3400 2898308
3400 2911648
3400 2937379
3400 2921719
3400 2894382
3400 2902957
3400 2842789
3400 2910686
3500 3043902
3500 3052189
3500 3052190
3500 3068442
3500 3069567
3500 3099604
3500 3072344
3500 3114458
3500 3039176
3500 3087632
3500 3049056
3500 3037493
3500 3125689
3500 3060570
3500 3010309
3500 3112553
3500 3058500
3500 3058924
3500 3062019
3500 3112283
3500 3065887
3500 3058341
3500 3023681
3500 3035852
3500 3037769
3500 3079718
3500 3070264
3500 3070972
3500 3056278
3500 3086929
3500 3060887
3500 3045649
3500 3060286
3500 3040179
3500 3056892
3500 3046775
3500 3092302
3500 3100476
3500 3040523
3500 3046386
3500 3140417
3500 3110786
3500 3070810
3500 3023132
3500 3054235
3500 3046572
3500 3076201
3500 3082698
3500 3010838
3500 3103286
3600 3260396
3600 3215095
3600 3242619
3600 3275894
3600 3276036
3600 3262472
3600 3245134
3600 3181263
3600 3245995
3600 3267621
3600 3207047
3600 3232053
3600 3247955
3600 3253089
3600 3257267
3600 3280064
3600 3247972
3600 3254477
3600 3220379
3600 3269677
3600 3240484
3600 3257061
3600 3212329
3600 3210470
3600 3222825
3600 3137500
3600 3230448
3600 3212937
3600 3219106
3600 3277654
3600 3239925
3600 3253739
3600 3179562
3600 3264545
3600 3245011
3600 3212377
3600 3276667
3600 3265791
3600 3241508
3600 3247049
3600 3212489
3600 3283151
3600 3290902
3600 3308348
3600 3229774
3600 3212592
3600 3215480
3600 3219419
3600 3270726
3600 3252042
3700 3448699
3700 3404434
3700 3365785
3700 3411540
3700 3472768
3700 3437966
3700 3474451
3700 3404467
3700 3486687
3700 3436180
3700 3407970
3700 3370964
3700 3377949
3700 3445225
3700 3426483
3700 3405492
3700 3412694
3700 3387115
3700 3447919
3700 3350623
3700 3456960
3700 3399543
3700 3386195
3700 3441378
3700 3438969
3700 3433447
3700 3401954
3700 3394838
3700 3427925
3700 3409062
3700 3366495
3700 3332695
3700 3383853
3700 3416430
3700 3435425
3700 3489957
3700 3364451
3700 3405945
3700 3400656
3700 3452240
3700 3445920
3700 3433097
3700 3452474
3700 3453819
3700 3404396
3700 3449527
3700 3361162
3700 3461790
3700 3409549
3700 3391097
3800 3628090
3800 3563661
3800 3630757
3800 3596163
3800 3652518
3800 3598218
3800 3630213
3800 3623535
3800 3588357
3800 3630192
3800 3560535
3800 3594590
3800 3686337
3800 3600658
3800 3647772
3800 3577468
3800 3721335
3800 3601161
3800 3613555
3800 3623601
3800 3638991
3800 3622889
3800 3598487
3800 3601608
3800 3569719
3800 3673347
3800 3536428
3800 3606754
3800 3693784
3800 3609298
3800 3621718
3800 3605701
3800 3585995
3800 3649836
3800 3611749
3800 3592953
3800 3592964
3800 3633442
3800 3604181
3800 3624402
3800 3563353
3800 3609884
3800 3597700
3800 3575528
3800 3641108
3800 3629603
3800 3611327
3800 3612991
3800 3632964
3800 3638135
3900 3736200
3900 3852586
3900 3810920
3900 3798026
3900 3800913
3900 3862907
3900 3842083
3900 3804309
3900 3808143
3900 3830998
3900 3704472
3900 3724399
3900 3790866
3900 3781874
3900 3772111
3900 3753957
3900 3777526
3900 3798417
3900 3769602
3900 3812708
3900 3787582
3900 3748486
3900 3787566
3900 3852143
3900 3813330
3900 3786667
3900 3766291
3900 3815847
3900 3803962
3900 3805640
3900 3867731
3900 3801960
3900 3787536
3900 3738635
3900 3788478
3900 3803689
3900 3725532
3900 3769611
3900 3847951
3900 3786202
3900 3806301
3900 3874326
3900 3793574
3900 3776837
3900 3810883
3900 3830219
3900 3742326
3900 3830557
3900 3787303
3900 3798226
4000 3954765
4000 3983343
4000 3989781
4000 3960783
4000 3948497
4000 3992068
4000 4055762
4000 4034785
4000 3971154
4000 3963389
4000 3925672
4000 3979635
4000 4003532
4000 3932936
4000 3902962
4000 4053757
4000 3911135
4000 3942879
4000 4032300
4000 3966853
4000 3967858
4000 3960946
4000 3979713
4000 3959288
4000 3998289
4000 4029301
4000 3984683
4000 3995155
4000 4042705
4000 4047066
4000 3969549
4000 3971442
4000 3975709
4000 4015655
4000 4049065
4000 4058324
4000 4011769
4000 4059278
4000 4044770
4000 3981436
4000 3936063
4000 3984954
4000 3991604
4000 3958563
4000 3983671
4000 4054248
4000 3992312
4000 3995436
4000 4037232
4000 4030304
4100 4280098
4100 4177561
4100 4188414
4100 4222876
4100 4256846
4100 4168855
4100 4197130
4100 4178799
4100 4183347
4100 4247190
4100 4223400
4100 4190409
4100 4289423
4100 4217834
4100 4189965
4100 4179031
4100 4241004
4100 4192736
4100 4194427
4100 4183473
4100 4168902
4100 4189516
4100 4211154
4100 4221990
4100 4233358
4100 4182779
4100 4319657
4100 4154567
4100 4148648
4100 4187505
4100 4243720
4100 4259171
4100 4269503
4100 4224559
4100 4287183
4100 4233515
4100 4234488
4100 4149673
4100 4218322
4100 4214732
4100 4177123
4100 4251677
4100 4115602
4100 4237966
4100 4099015
4100 4133160
4100 4186957
4100 4267203
4100 4154280
4100 4160150
4200 4430623
4200 4473161
4200 4392727
4200 4310351
4200 4378369
4200 4318808
4200 4388721
4200 4335654
4200 4334335
4200 4390254
4200 4396554
4200 4462496
4200 4508567
4200 4403053
4200 4380219
4200 4485660
4200 4521066
4200 4449074
4200 4455232
4200 4386138
4200 4325155
4200 4375348
4200 4383541
4200 4434351
4200 4402873
4200 4374856
4200 4372805
4200 4401535
4200 4355318
4200 4458049
4200 4435745
4200 4392710
4200 4427036
4200 4335642
4200 4414426
4200 4413716
4200 4384468
4200 4449801
4200 4352052
4200 4423150
4200 4392045
4200 4429622
4200 4420071
4200 4420441
4200 4363935
4200 4332007
4200 4364452
4200 4490826
4200 4367927
4200 4373156
4300 4543176
4300 4657019
4300 4672207
4300 4583179
4300 4603521
4300 4570026
4300 4513830
4300 4632662
4300 4602709
4300 4666556
4300 4609860
4300 4630869
4300 4682330
4300 4617099
4300 4645229
4300 4658449
4300 4697546
4300 4650663
4300 4641274
4300 4594163
4300 4593141
4300 4670211
4300 4557822
4300 4679261
4300 4628988
4300 4558569
4300 4653878
4300 4647404
4300 4661801
4300 4688880
4300 4583847
4300 4640650
4300 4600533
4300 4683231
4300 4645366
4300 4570428
4300 4588868
4300 4665762
4300 4528587
4300 4669944
4300 4640222
4300 4525787
4300 4601206
4300 4688630
4300 4635855
4300 4631098
4300 4587090
4300 4627873
4300 4595332
4300 4558413
4400 4814235
4400 4834862
4400 4884113
4400 4858338
4400 4812272
4400 4792556
4400 4834456
4400 4846345
4400 4823344
4400 4807902
4400 4715508
4400 4875233
4400 4860187
4400 4803929
4400 4780799
4400 4807747
4400 4834758
4400 4878398
4400 4765345
4400 4791144
4400 4857075
4400 4875686
4400 4831999
4400 4801718
4400 4827521
4400 4842936
4400 4829146
4400 4754502
4400 4886892
4400 4872020
4400 4930740
4400 4773401
4400 4794585
4400 4739705
4400 4884218
4400 4807323
4400 4882843
4400 4804861
4400 4788773
4400 4908156
4400 4783471
4400 4877742
4400 4876373
4400 4833073
4400 4815725
4400 4927917
4400 4886556
4400 4777598
4400 4912532
4400 4944946
4500 5051722
4500 5035130
4500 5090815
4500 5038644
4500 5040820
4500 5058823
4500 5044844
4500 5024438
4500 4999375
4500 5104447
4500 5014205
4500 4965827
4500 5085524
4500 5092020
4500 5019925
4500 5020089
4500 5145360
4500 5039522
4500 5010604
4500 4999081
4500 5105940
4500 5055025
4500 5016098
4500 4976799
4500 5041477
4500 5094898
4500 5090004
4500 5041914
4500 5116721
4500 5103903
4500 4993548
4500 5032026
4500 5047500
4500 5044477
4500 5064494
4500 5015568
4500 5033910
4500 5028303
4500 5000890
4500 4945922
4500 5094877
4500 5053876
4500 5099657
4500 5035384
4500 4908465
4500 5081556
4500 5073604
4500 5043800
4500 5043994
4500 4947951
4600 5239810
4600 5295543
4600 5262989
4600 5319485
4600 5306622
4600 5308820
4600 5284240
4600 5217826
4600 5179791
4600 5378776
4600 5357790
4600 5251907
4600 5271738
4600 5325040
4600 5267597
4600 5255067
4600 5241481
4600 5320595
4600 5273014
4600 5304164
4600 5311488
4600 5267610
4600 5375682
4600 5291004
4600 5276183
4600 5227927
4600 5302066
4600 5334457
4600 5286839
4600 5326123
4600 5280331
4600 5328439
4600 5296919
4600 5330387
4600 5339611
4600 5228545
4600 5296799
4600 5269509
4600 5261234
4600 5244051
4600 5256953
4600 5276627
4600 5230737
4600 5234919
4600 5238549
4600 5286754
4600 5186706
4600 5237795
4600 5264867
4600 5310663
4700 5535808
4700 5508644
4700 5494434
4700 5569874
4700 5524061
4700 5526444
4700 5543886
4700 5609422
4700 5531110
4700 5587818
4700 5475065
4700 5473481
4700 5527946
4700 5518643
4700 5497670
4700 5621497
4700 5550518
4700 5473191
4700 5536188
4700 5456993
4700 5447980
4700 5420099
4700 5499028
4700 5586565
4700 5544807
4700 5517415
4700 5570879
4700 5496750
4700 5460900
4700 5455486
4700 5587947
4700 5576352
4700 5505202
4700 5597497
4700 5512765
4700 5479229
4700 5516611
4700 5528224
4700 5495727
4700 5457252
4700 5525417
4700 5551287
4700 5433612
4700 5530999
4700 5586441
4700 5428815
4700 5496557
4700 5556210
4700 5600290
4700 5621538
4800 5711082
4800 5758002
4800 5811682
4800 5696356
4800 5761521
4800 5809010
4800 5653844
4800 5753976
4800 5731842
4800 5763967
4800 5790489
4800 5754169
4800 5813990
4800 5825763
4800 5842539
4800 5695251
4800 5791336
4800 5819413
4800 5730200
4800 5831508
4800 5712177
4800 5731494
4800 5656203
4800 5815176
4800 5783865
4800 5780447
4800 5805607
4800 5776007
4800 5785405
4800 5769544
4800 5713968
4800 5902054
4800 5830365
4800 5796774
4800 5792894
4800 5737325
4800 5775687
4800 5731070
4800 5766149
4800 5714791
4800 5783948
4800 5652661
4800 5753761
4800 5740580
4800 5762860
4800 5783239
4800 5759556
4800 5791742
4800 5727531
4800 5632277
4900 5921287
4900 5993337
4900 6071948
4900 6110177
4900 6026497
4900 5910967
4900 5889661
4900 5987489
4900 5974434
4900 5993095
4900 6066537
4900 6148039
4900 5824451
4900 5979394
4900 5943926
4900 5990976
4900 6080510
4900 5978051
4900 5926111
4900 6053084
4900 6076294
4900 5853587
4900 5980714
4900 5988432
4900 5966148
4900 6063380
4900 5981878
4900 6004573
4900 6037171
4900 5988152
4900 5961400
4900 5966827
4900 5934580
4900 5972198
4900 5966304
4900 5970866
4900 6037736
4900 6058428
4900 6052291
4900 6016552
4900 5991970
4900 5965958
4900 5939859
4900 6092483
4900 6024310
4900 5959458
4900 6047383
4900 5958447
4900 5928980
4900 6030489
5000 6311204
5000 6230764
5000 6156531
5000 6400667
5000 6202462
5000 6259049
5000 6231577
5000 6332937
5000 6233105
5000 6115385
5000 6289581
5000 6216472
5000 6154562
5000 6273948
5000 6341972
5000 6200373
5000 6270236
5000 6351079
5000 6174464
5000 6263092
5000 6212719
5000 6163944
5000 6327395
5000 6267502
5000 6289162
5000 6355938
5000 6206460
5000 6266008
5000 6218407
5000 6228678
5000 6360290
5000 6115680
5000 6292297
5000 6286256
5000 6300310
5000 6280047
5000 6245824
5000 6172461
5000 6232044
5000 6198430
5000 6222172
5000 6151641
5000 6248730
5000 6242593
5000 6241884
5000 6325000
5000 6221652
5000 6262301
5000 6277458
5000 6250971
5100 6469231
5100 6476789
5100 6593619
5100 6494444
5100 6567864
5100 6537275
5100 6554816
5100 6371891
5100 6392763
5100 6415153
5100 6573677
5100 6470103
5100 6427795
5100 6597334
5100 6535043
5100 6492541
5100 6515872
5100 6543078
5100 6497292
5100 6562852
5100 6629993
5100 6410785
5100 6423734
5100 6606955
5100 6543836
5100 6553974
5100 6522110
5100 6488861
5100 6515640
5100 6473518
5100 6451367
5100 6564560
5100 6440080
5100 6522385
5100 6509354
5100 6539551
5100 6518614
5100 6513683
5100 6457291
5100 6498971
5100 6601839
5100 6505684
5100 6550784
5100 6415415
5100 6378166
5100 6477168
5100 6534130
5100 6439726
5100 6485140
5100 6516509
5200 6741938
5200 6739646
5200 6774809
5200 6709232
5200 6639013
5200 6733558
5200 6729453
5200 6693567
5200 6784176
5200 6831579
5200 6772515
5200 6772886
5200 6724661
5200 6803979
5200 6903005
5200 6638039
5200 6754309
5200 6855315
5200 6792604
5200 6777579
5200 6702514
5200 6677348
5200 6773437
5200 6853475
5200 6768311
5200 6689616
5200 6720739
5200 6678144
5200 6720555
5200 6754922
5200 6739002
5200 6734256
5200 6817012
5200 6891948
5200 6742898
5200 6899909
5200 6772713
5200 6783252
5200 6734145
5200 6792582
5200 6810605
5200 6759927
5200 6735175
5200 6820646
5200 6812526
5200 6703395
5200 6751537
5200 6753809
5200 6807275
5200 6816196
5300 7072536
5300 7089695
5300 6990694
5300 7020262
5300 6998586
5300 7098006
5300 6949545
5300 7075534
5300 7079386
5300 7016313
5300 6929958
5300 7013931
5300 7016609
5300 7031733
5300 7048726
5300 7005135
5300 7042910
5300 7024810
5300 6959076
5300 6993480
5300 7026022
5300 7065302
5300 6976912
5300 7013919
5300 7011673
5300 7037069
5300 7100177
5300 7049471
5300 7041821
5300 6978445
5300 7090196
5300 7027390
5300 6998147
5300 7102705
5300 7099914
5300 6938643
5300 6883810
5300 7148895
5300 6850128
5300 6961974
5300 7109286
5300 6986039
5300 6894402
5300 7027393
5300 7043728
5300 6914384
5300 7055034
5300 6987965
5300 7029734
5300 6989073
5400 7328741
5400 7259357
5400 7306064
5400 7262096
5400 7298171
5400 7145853
5400 7280213
5400 7331761
5400 7331202
5400 7299261
5400 7261716
5400 7348084
5400 7270385
5400 7323233
5400 7280168
5400 7249665
5400 7276181
5400 7356483
5400 7226938
5400 7315741
5400 7250305
5400 7300147
5400 7378265
5400 7331846
5400 7228672
5400 7391956
5400 7263067
5400 7317432
5400 7277381
5400 7241325
5400 7321582
5400 7322351
5400 7306838
5400 7339335
5400 7315858
5400 7345238
5400 7181595
5400 7285427
5400 7248508
5400 7281732
5400 7144267
5400 7217054
5400 7251085
5400 7390407
5400 7231517
5400 7391403
5400 7148501
5400 7309055
5400 7266422
5400 7360918
5500 7508975
5500 7642401
5500 7593918
5500 7502861
5500 7529301
5500 7635120
5500 7525617
5500 7619602
5500 7697651
5500 7481338
5500 7514012
5500 7708289
5500 7501727
5500 7608094
5500 7571212
5500 7564626
5500 7417114
5500 7606112
5500 7472955
5500 7429766
5500 7552874
5500 7590090
5500 7580602
5500 7580112
5500 7478748
5500 7555528
5500 7521528
5500 7526368
5500 7647671
5500 7524012
5500 7558597
5500 7634813
5500 7542334
5500 7513239
5500 7578517
5500 7503676
5500 7628456
5500 7557602
5500 7637362
5500 7513861
5500 7660266
5500 7581245
5500 7608114
5500 7553233
5500 7589851
5500 7551369
5500 7558376
5500 7527594
5500 7507923
5500 7624295
5600 7815724
5600 7845903
5600 7821446
5600 7804834
5600 7781319
5600 7926908
5600 7796488
5600 7786707
5600 7997773
5600 7844878
5600 7881831
5600 7792413
5600 7814463
5600 7921975
5600 7854011
5600 7928947
5600 7862656
5600 7834448
5600 7806433
5600 7807783
5600 7789937
5600 7633561
5600 7737940
5600 7778187
5600 7679257
5600 7748198
5600 7830817
5600 7708436
5600 7790534
5600 7845581
5600 7934275
5600 7800090
5600 7956674
5600 7804830
5600 7812620
5600 7843604
5600 7890392
5600 7843266
5600 7873155
5600 7885668
5600 7757858
5600 7831170
5600 7770043
5600 8014789
5600 7822713
5600 7938222
5600 7844131
5600 7846300
5600 7828733
5600 7628568
5700 8219310
5700 8135190
5700 8102153
5700 8070755
5700 8100592
5700 8094081
5700 8143653
5700 8167995
5700 8059705
5700 8132637
5700 8081797
5700 8104479
5700 8141965
5700 8026627
5700 7959858
5700 8207931
5700 8199895
5700 8151434
5700 8148126
5700 8180358
5700 8055196
5700 8073417
5700 8115246
5700 8173120
5700 8190651
5700 7943656
5700 8020524
5700 8056924
5700 7999896
5700 8143674
5700 8027040
5700 8042734
5700 8118909
5700 8111902
5700 8176845
5700 8123353
5700 8217307
5700 8172668
5700 8022040
5700 8078091
5700 8055438
5700 8204749
5700 8008551
5700 8002535
5700 8042297
5700 8075918
5700 8054532
5700 8100813
5700 8130356
5700 8130724
5800 8464060
5800 8449765
5800 8367263
5800 8419546
5800 8386294
5800 8485114
5800 8413429
5800 8342821
5800 8377955
5800 8229706
5800 8359091
5800 8450390
5800 8485335
5800 8371170
5800 8419533
5800 8345580
5800 8378842
5800 8397121
5800 8493260
5800 8430569
5800 8386010
5800 8331254
5800 8303382
5800 8371327
5800 8428211
5800 8365341
5800 8430619
5800 8536878
5800 8339018
5800 8429850
5800 8508192
5800 8459420
5800 8287630
5800 8552029
5800 8393210
5800 8473826
5800 8387432
5800 8459385
5800 8400998
5800 8490902
5800 8486797
5800 8270776
5800 8308693
5800 8368074
5800 8497459
5800 8476350
5800 8370984
5800 8396535
5800 8392019
5800 8416538
5900 8586232
5900 8711951
5900 8650081
5900 8722295
5900 8698773
5900 8720091
5900 8566931
5900 8761510
5900 8686330
5900 8686910
5900 8763791
5900 8747962
5900 8698057
5900 8762457
5900 8698412
5900 8631941
5900 8622163
5900 8756184
5900 8602566
5900 8778166
5900 8624838
5900 8648906
5900 8794181
5900 8677365
5900 8745374
5900 8608313
5900 8660674
5900 8800237
5900 8735596
5900 8778719
5900 8663734
5900 8675508
5900 8627939
5900 8745707
5900 8735601
5900 8702648
5900 8739676
5900 8848115
5900 8713830
5900 8696043
5900 8529630
5900 8735810
5900 8637768
5900 8853646
5900 8668418
5900 8804908
5900 8581618
5900 8674492
5900 8606257
5900 8793989
6000 8969581
6000 9069119
6000 9037596
6000 8986166
6000 8806280
6000 8936112
6000 9047109
6000 8995482
6000 9077336
6000 9090566
6000 9025542
6000 8952817
6000 9089570
6000 8914878
6000 9018987
6000 8927972
6000 9080871
6000 8995413
6000 9120070
6000 8929890
6000 9149728
6000 8970641
6000 9046010
6000 8961902
6000 9042492
6000 9056578
6000 8853625
6000 9033552
6000 8961375
6000 9134325
6000 9073712
6000 9031836
6000 8995798
6000 9083547
6000 8900271
6000 9070300
6000 8952463
6000 8904014
6000 9000644
6000 8932659
6000 9007617
6000 9015719
6000 9097100
6000 8992960
6000 9045224
6000 9101258
6000 8994385
6000 8856989
6000 9056132
6000 8897346
6100 9400969
6100 9266125
6100 9326509
6100 9377118
6100 9354973
6100 9325993
6100 9300576
6100 9402801
6100 9321372
6100 9333688
6100 9389669
6100 9263007
6100 9383393
6100 9312249
6100 9319766
6100 9423769
6100 9326173
6100 9348440
6100 9372211
6100 9168570
6100 9467327
6100 9343535
6100 9271971
6100 9268549
6100 9430047
6100 9303121
6100 9330349
6100 9372325
6100 9267561
6100 9119339
6100 9379486
6100 9238682
6100 9364958
6100 9391356
6100 9177910
6100 9250968
6100 9276129
6100 9158268
6100 9251083
6100 9207435
6100 9358257
6100 9339142
6100 9266567
6100 9314174
6100 9407813
6100 9418027
6100 9234625
6100 9215942
6100 9355391
6100 9329581
6200 9637297
6200 9653809
6200 9563021
6200 9617810
6200 9679562
6200 9696518
6200 9607683
6200 9552981
6200 9553242
6200 9540428
6200 9628615
6200 9590978
6200 9556279
6200 9676288
6200 9548010
6200 9404210
6200 9643959
6200 9635442
6200 9609039
6200 9674989
6200 9621048
6200 9566619
6200 9689359
6200 9669881
6200 9518529
6200 9640314
6200 9423630
6200 9584803
6200 9494413
6200 9688488
6200 9714612
6200 9795859
6200 9488872
6200 9600489
6200 9582734
6200 9708489
6200 9641938
6200 9532873
6200 9554293
6200 9498160
6200 9680537
6200 9613276
6200 9569338
6200 9532909
6200 9591697
6200 9662532
6200 9605200
6200 9689873
6200 9477644
6200 9564852
6300 9973363
6300 9905548
6300 9886939
6300 9885395
6300 9853053
6300 9940930
6300 9911263
6300 9928208
6300 10001308
6300 9888242
6300 10015392
6300 9899520
6300 10009206
6300 9850276
6300 9865686
6300 9854890
6300 9824464
6300 9778335
6300 9947009
6300 9889032
6300 9889609
6300 10013970
6300 9893474
6300 9865293
6300 10030547
6300 9905327
6300 9951677
6300 9889409
6300 9797406
6300 10054570
6300 9900524
6300 9754120
6300 9933154
6300 9910075
6300 9830201
6300 9884918
6300 9994391
6300 9995618
6300 9863827
6300 9912960
6300 9861837
6300 9935053
6300 10035056
6300 9959295
6300 10038228
6300 9879777
6300 9915789
6300 9967398
6300 9913952
6300 10116168
6400 10204007
6400 10254217
6400 10455160
6400 10210182
6400 10224310
6400 10330130
6400 10157178
6400 10159938
6400 10171588
6400 10214157
6400 10165224
6400 10210157
6400 10100937
6400 10258723
6400 10161339
6400 10151646
6400 10253457
6400 10111888
6400 10208876
6400 10125616
6400 10284985
6400 10342968
6400 10282379
6400 10241014
6400 10252857
6400 10320036
6400 10309333
6400 10192088
6400 10187398
6400 10115503
6400 10348319
6400 10326094
6400 10255768
6400 10353942
6400 10186223
6400 10338792
6400 10367004
6400 10335099
6400 10213472
6400 10271721
6400 10189708
6400 10180597
6400 10165948
6400 10199935
6400 10266581
6400 10202985
6400 10200140
6400 10243690
6400 10148794
6400 10407124
6500 10540749
6500 10608422
6500 10562492
6500 10373799
6500 10540575
6500 10569989
6500 10460536
6500 10610520
6500 10610924
6500 10455935
6500 10608277
6500 10477721
6500 10606703
6500 10512006
6500 10769771
6500 10586808
6500 10809482
6500 10499577
6500 10582182
6500 10511928
6500 10612662
6500 10499843
6500 10546151
6500 10659031
6500 10584529
6500 10546199
6500 10637444
6500 10388962
6500 10680087
6500 10581755
6500 10567095
6500 10566118
6500 10456739
6500 10604265
6500 10548263
6500 10588228
6500 10461706
6500 10619312
6500 10517423
6500 10484650
6500 10621743
6500 10530186
6500 10572583
6500 10549190
6500 10604736
6500 10572639
6500 10370578
6500 10763288
6500 10654603
6500 10238778
6600 11058004
6600 10858353
6600 10907982
6600 10875271
6600 10860818
6600 10851840
6600 10936524
6600 10921195
6600 10883655
6600 10928779
6600 11001045
6600 10972371
6600 10725902
6600 10763061
6600 10832553
6600 10704108
6600 10960619
6600 10785960
6600 10880983
6600 10913551
6600 11042108
6600 11071395
6600 10912817
6600 10895008
6600 10833655
6600 10844054
6600 10985003
6600 10811085
6600 10925482
6600 11025083
6600 10828525
6600 10799234
6600 10789064
6600 10743586
6600 10945372
6600 10836843
6600 10828693
6600 10853053
6600 10777693
6600 10885216
6600 10874183
6600 10840000
6600 11009021
6600 10977431
6600 10751048
6600 11008627
6600 10860152
6600 10871332
6600 10872286
6600 10904897
6700 11201998
6700 11394955
6700 11267674
6700 11154498
6700 11187288
6700 11264083
6700 11292365
6700 11309186
6700 11299315
6700 11261755
6700 11402873
6700 11281033
6700 11231923
6700 11293719
6700 11067971
6700 11254080
6700 11129648
6700 11104607
6700 11184633
6700 11243062
6700 11326806
6700 11317345
6700 11220093
6700 11052221
6700 11241134
6700 11226024
6700 11196989
6700 11403462
6700 11250359
6700 11243594
6700 11273814
6700 11239329
6700 11089193
6700 11257143
6700 11323478
6700 11137136
6700 11222923
6700 11262653
6700 11211453
6700 11345386
6700 11316913
6700 11169850
6700 11234532
6700 11470594
6700 11240334
6700 11412014
6700 11247150
6700 11371889
6700 11193783
6700 11060303
6800 11373089
6800 11736639
6800 11541055
6800 11609488
6800 11702443
6800 11641158
6800 11821658
6800 11530367
6800 11518761
6800 11511422
6800 11566194
6800 11553082
6800 11435696
6800 11651423
6800 11476395
6800 11567252
6800 11444846
6800 11465122
6800 11558044
6800 11456768
6800 11511066
6800 11423728
6800 11381204
6800 11582801
6800 11681757
6800 11613411
6800 11554338
6800 11623954
6800 11425821
6800 11540308
6800 11447678
6800 11618324
6800 11661515
6800 11487889
6800 11601971
6800 11647998
6800 11562578
6800 11646981
6800 11528059
6800 11663693
6800 11541048
6800 11537180
6800 11452192
6800 11532078
6800 11649173
6800 11631892
6800 11523014
6800 11472407
6800 11405345
6800 11555194
6900 11845164
6900 11902519
6900 11837784
6900 11703903
6900 11884898
6900 11888900
6900 11847428
6900 11850187
6900 11831656
6900 11753814
6900 11842759
6900 11953071
6900 11992960
6900 11844311
6900 11959568
6900 11948395
6900 11738883
6900 11762888
6900 11865665
6900 11814987
6900 11706389
6900 11844071
6900 11981612
6900 11866676
6900 11877116
6900 11913860
6900 11956089
6900 12110347
6900 12008999
6900 12028866
6900 11918168
6900 11903093
6900 11773136
6900 11977961
6900 11851010
6900 11839745
6900 11763570
6900 12026385
6900 11974757
6900 11959605
6900 11858942
6900 11888964
6900 11897520
6900 11979519
6900 11866974
6900 11903711
6900 11965370
6900 12128909
6900 12063493
6900 11862650
7000 12392472
7000 12206452
7000 12258966
7000 12149029
7000 12264891
7000 12412173
7000 12257077
7000 12222803
7000 12177718
7000 12201352
7000 12021472
7000 12112966
7000 12196294
7000 12302466
7000 12345857
7000 12289392
7000 12282204
7000 12272886
7000 12317379
7000 12218786
7000 12158898
7000 12314257
7000 12368091
7000 12411807
7000 12350081
7000 12382546
7000 12254258
7000 12383028
7000 12266282
7000 12293807
7000 12220021
7000 12137960
7000 12334816
7000 12122760
7000 12202530
7000 12188995
7000 12442790
7000 12259307
7000 12307135
7000 12348070
7000 12189372
7000 12308743
7000 12243164
7000 12233804
7000 12335699
7000 12320608
7000 12407844
7000 12239082
7000 12170583
7000 12202866
7100 12656446
7100 12689949
7100 12656032
7100 12662768
7100 12609494
7100 12579779
7100 12641216
7100 12564665
7100 12674450
7100 12517341
7100 12602762
7100 12480210
7100 12591446
7100 12701499
7100 12552176
7100 12527777
7100 12657349
7100 12477326
7100 12695428
7100 12659956
7100 12427012
7100 12500369
7100 12791752
7100 12676357
7100 12687172
7100 12738217
7100 12575775
7100 12647971
7100 12500064
7100 12670453
7100 12581036
7100 12715248
7100 12545163
7100 12662821
7100 12615009
7100 12458077
7100 12720714
7100 12542137
7100 12729767
7100 12497968
7100 12643508
7100 12763876
7100 12717527
7100 12604786
7100 12516119
7100 12590773
7100 12660347
7100 12588936
7100 12694733
7100 12457121
7200 12785305
7200 12929122
7200 12805038
7200 12842255
7200 12989747
7200 12953191
7200 13077085
7200 13120222
7200 12957313
7200 13010625
7200 12948996
7200 12998554
7200 12956527
7200 13098731
7200 12920000
7200 12909137
7200 12902471
7200 13025832
7200 12994336
7200 13083337
7200 12968481
7200 12756536
7200 12939377
7200 12918632
7200 13032805
7200 13247198
7200 12867742
7200 12875929
7200 13030143
7200 12931445
7200 12987361
7200 12945676
7200 12836385
7200 12829580
7200 12945996
7200 13070452
7200 12833176
7200 13034255
7200 13087203
7200 13073677
7200 12902953
7200 12813647
7200 12859885
7200 12874864
7200 12937431
7200 12991749
7200 12914011
7200 13013278
7200 13047249
7200 13046539
7300 13406175
7300 13250879
7300 13218734
7300 13360591
7300 13347094
7300 13266184
7300 13355459
7300 13340584
7300 13286643
7300 13188292
7300 13431521
7300 13426077
7300 13352400
7300 13356823
7300 13291995
7300 13176084
7300 13349909
7300 13244359
7300 13119585
7300 13389828
7300 13277854
7300 13435622
7300 13382696
7300 13178757
7300 13540642
7300 13479884
7300 13262007
7300 13337126
7300 13322624
7300 13351431
7300 13512275
7300 13272759
7300 13267869
7300 13391224
7300 13352775
7300 13314229
7300 13327590
7300 13392836
7300 13354641
7300 13566943
7300 13304684
7300 13321217
7300 13415370
7300 13405239
7300 13365161
7300 13417225
7300 13355292
7300 13267546
7300 13465226
7300 13427006
7400 13708764
7400 13885086
7400 13837180
7400 13638295
7400 13623669
7400 13631593
7400 13687141
7400 13468748
7400 13689081
7400 13970028
7400 13680370
7400 13701152
7400 13812671
7400 13701170
7400 13731256
7400 13719004
7400 13773077
7400 13629091
7400 13679597
7400 13742840
7400 13621905
7400 13676227
7400 13651150
7400 13782876
7400 13592779
7400 13810863
7400 13760906
7400 13595830
7400 13707166
7400 13812183
7400 13885808
7400 13558472
7400 13760601
7400 13642745
7400 13863409
7400 13866729
7400 13749461
7400 13815498
7400 13700391
7400 13619636
7400 13780156
7400 13791414
7400 13718557
7400 13642444
7400 13807343
7400 13622490
7400 13570357
7400 13819348
7400 13542995
7400 13650757
7500 14213932
7500 14024350
7500 14044916
7500 13983379
7500 14107600
7500 14291041
7500 14158995
7500 14158043
7500 13932330
7500 14117249
7500 14150604
7500 14287102
7500 14199361
7500 14087840
7500 14022265
7500 13904390
7500 14079511
7500 14102334
7500 14095261
7500 13950952
7500 14221207
7500 14084639
7500 14011388
7500 13999979
7500 13948123
7500 13955255
7500 13915048
7500 14063098
7500 13938896
7500 14117268
7500 14058307
7500 14182097
7500 13868922
7500 14198840
7500 14059975
7500 14175902
7500 14179044
7500 13933589
7500 13948665
7500 14043864
7500 14298216
7500 13925363
7500 14065999
7500 13992655
7500 14234466
7500 14098359
7500 14228365
7500 14059181
7500 13949928
7500 14123413
7600 14365667
7600 14329146
7600 14422529
7600 14596587
7600 14499241
7600 14341015
7600 14241131
7600 14397080
7600 14434976
7600 14453305
7600 14348477
7600 14508061
7600 14469955
7600 14405332
7600 14597156
7600 14494253
7600 14458057
7600 14186612
7600 14524811
7600 14568035
7600 14278670
7600 14717272
7600 14502502
7600 14308876
7600 14267270
7600 14611314
7600 14521674
7600 14416482
7600 14343846
7600 14486800
7600 14354766
7600 14440402
7600 14226078
7600 14336060
7600 14329448
7600 14564297
7600 14502777
7600 14466213
7600 14384899
7600 14273101
7600 14314429
7600 14473752
7600 14323346
7600 14261112
7600 14469305
7600 14372079
7600 14495281
7600 14485641
7600 14433615
7600 14435278
7700 14947892
7700 14930016
7700 14896288
7700 14881304
7700 14976973
7700 14691512
7700 14982584
7700 15019944
7700 14803979
7700 14715500
7700 14935733
7700 14855780
7700 14767825
7700 14891240
7700 14945823
7700 14979739
7700 14826546
7700 14887951
7700 15006396
7700 14713587
7700 14972608
7700 14846158
7700 14837538
7700 15008556
7700 14723135
7700 14737108
7700 14760176
7700 14686416
7700 14689609
7700 14921125
7700 15142483
7700 15056178
7700 15043253
7700 14913847
7700 14762937
7700 14797622
7700 14876840
7700 14785091
7700 14713832
7700 14836048
7700 14908787
7700 14721173
7700 14803676
7700 14789074
7700 14662964
7700 15056655
7700 14805585
7700 14833458
7700 14929490
7700 14710816
7800 15215133
7800 15209740
7800 15379011
7800 15154994
7800 15397675
7800 14996110
7800 15162902
7800 14983520
7800 15299460
7800 15064457
7800 15313369
7800 15154389
7800 15237980
7800 15167308
7800 15074639
7800 15107962
7800 15228783
7800 15334752
7800 15300240
7800 15296330
7800 15044121
7800 15081501
7800 15074973
7800 15344317
7800 15152727
7800 15130868
7800 15268749
7800 15281817
7800 15298834
7800 15136756
7800 15210337
7800 14858333
7800 15118971
7800 15429261
7800 15276707
7800 15202234
7800 15388031
7800 15206490
7800 15388330
7800 15400835
7800 15388905
7800 15312273
7800 15155445
7800 15323207
7800 15118567
7800 15324576
7800 15286397
7800 15275775
7800 14992961
7800 15215548
7900 15659058
7900 15444301
7900 15541295
7900 15761031
7900 15664825
7900 15632291
7900 15553193
7900 15587132
7900 15561204
7900 15374140
7900 15615644
7900 15566106
7900 15364567
7900 15442298
7900 15565354
7900 15404684
7900 15667809
7900 15603173
7900 15326826
7900 15616899
7900 15404747
7900 15598862
7900 15617423
7900 15552375
7900 15688709
7900 15543675
7900 15358694
7900 15665346
7900 15529160
7900 15689014
7900 15631123
7900 15459532
7900 15529597
7900 15463707
7900 15367450
7900 15519863
7900 15530657
7900 15621495
7900 15591584
7900 15735659
7900 15589772
7900 15404350
7900 15665998
7900 15746781
7900 15530733
7900 15603541
7900 15551285
7900 15698222
7900 15807509
7900 15598999
8000 15877941
8000 16067921
8000 15821240
8000 15917704
8000 16012977
8000 16107778
8000 15893848
8000 15963240
8000 15880926
8000 15962962
8000 16041518
8000 16048461
8000 16145261
8000 16131449
8000 16003763
8000 16034734
8000 16120151
8000 15905001
8000 16142028
8000 15919389
8000 16013279
8000 15960388
8000 15915746
8000 16114646
8000 15887413
8000 16113910
8000 15982757
8000 15863985
8000 15956339
8000 16108111
8000 15882758
8000 16086091
8000 16034317
8000 15784539
8000 15945277
8000 16137613
8000 15949162
8000 15910058
8000 15948554
8000 15878802
8000 16329079
8000 16248849
8000 16005568
8000 15830104
8000 16314112
8000 15920894
8000 16029842
8000 16035982
8000 16163452
8000 15921016
8100 16590298
8100 16435282
8100 16412091
8100 16399558
8100 16574717
8100 16348755
8100 16258380
8100 16386963
8100 16330153
8100 16138412
8100 16460134
8100 16481622
8100 16302613
8100 16433827
8100 16417350
8100 16462847
8100 16597935
8100 16381471
8100 16545514
8100 16559214
8100 16442582
8100 16335827
8100 16372152
8100 16241955
8100 16433076
8100 16333555
8100 16453217
8100 16338149
8100 16539549
8100 16391886
8100 16425201
8100 16494813
8100 16477822
8100 16323020
8100 16379580
8100 16401779
8100 16443269
8100 16256057
8100 16354796
8100 16423891
8100 16127493
8100 16397755
8100 16297875
8100 16428839
8100 16391238
8100 16425813
8100 16533227
8100 16425656
8100 16354125
8100 16422249
8200 16884025
8200 16716026
8200 16784762
8200 16782934
8200 16831232
8200 16741336
8200 16850726
8200 16666334
8200 16932141
8200 16957477
8200 16764914
8200 17008398
8200 16832420
8200 16603140
8200 17021639
8200 16904342
8200 16865538
8200 16923435
8200 16873379
8200 16782831
8200 16935866
8200 16681410
8200 16870324
8200 16994115
8200 16759717
8200 16649439
8200 16789513
8200 16850618
8200 16855095
8200 16850496
8200 16910002
8200 16716544
8200 16902318
8200 16979385
8200 16674691
8200 16499241
8200 16701940
8200 16696998
8200 16688506
8200 16860169
8200 16879051
8200 16795427
8200 16899014
8200 16733513
8200 16673987
8200 16880578
8200 17060372
8200 16903500
8200 16590399
8200 16800799
8300 17201497
8300 17318651
8300 17332958
8300 17218214
8300 17130151
8300 17359049
8300 17127079
8300 17034078
8300 17237061
8300 17200312
8300 17456272
8300 17226314
8300 17494705
8300 17302739
8300 17205290
8300 17067048
8300 17133524
8300 17224592
8300 17170423
8300 17343275
8300 17187862
8300 17310383
8300 17202513
8300 17232257
8300 17191257
8300 17121156
8300 17196641
8300 17115064
8300 17365890
8300 17353570
8300 17242342
8300 17100194
8300 17153265
8300 16955679
8300 17347300
8300 17266761
8300 17353817
8300 17087620
8300 17203440
8300 17153219
8300 17217770
8300 17048929
8300 17378175
8300 17429836
8300 17464106
8300 17362312
8300 17401128
8300 16853939
8300 17184493
8300 17149425
8400 17437851
8400 17606714
8400 17484797
8400 17692386
8400 17581332
8400 17785652
8400 17655721
8400 17560023
8400 17715830
8400 17739420
8400 17901779
8400 17708148
8400 17821327
8400 17674646
8400 17495144
8400 17544070
8400 17622747
8400 17696672
8400 17574318
8400 17673748
8400 17530853
8400 17701853
8400 17918951
8400 17749508
8400 17791307
8400 17527669
8400 17557436
8400 17465850
8400 17727708
8400 17813778
8400 17889741
8400 17698104
8400 17704179
8400 17590448
8400 17732247
8400 17517980
8400 17495989
8400 17718539
8400 17630566
8400 17589354
8400 17783770
8400 17514872
8400 17502913
8400 17561805
8400 17711815
8400 17641296
8400 17798745
8400 17638354
8400 17583791
8400 17597159
8500 17904761
8500 18103780
8500 17874369
8500 18096854
8500 17883039
8500 17909712
8500 17968371
8500 18201091
8500 18001496
8500 18314689
8500 18055606
8500 18201798
8500 18039504
8500 18324496
8500 18125578
8500 18181518
8500 18271365
8500 18069245
8500 17968155
8500 18079673
8500 17865112
8500 18091287
8500 17938257
8500 18130688
8500 18000221
8500 18212005
8500 17923930
8500 17861627
8500 18067116
8500 18147750
8500 17852332
8500 17849975
8500 17827317
8500 18175126
8500 18098167
8500 17929710
8500 17953240
8500 17986146
8500 17984353
8500 17871562
8500 18149951
8500 18051838
8500 17907922
8500 18045176
8500 17930586
8500 18005691
8500 18133192
8500 18164483
8500 17975322
8500 18048317
8600 18433182
8600 18703912
8600 18554332
8600 18780840
8600 18830401
8600 18315502
8600 18612735
8600 18375430
8600 18659256
8600 18354798
8600 18604456
8600 18644711
8600 18322857
8600 18652373
8600 18470677
8600 18597410
8600 18237259
8600 18503974
8600 18512748
8600 18344214
8600 18511148
8600 18607825
8600 18411380
8600 18589241
8600 18582920
8600 18277094
8600 18694710
8600 18361710
8600 18568105
8600 18344867
8600 18318706
8600 18543359
8600 18479622
8600 18497472
8600 18587196
8600 18531199
8600 18621797
8600 18249537
8600 18582827
8600 18601426
8600 18749625
8600 18516733
8600 18756577
8600 18621278
8600 18467147
8600 18590081
8600 18527808
8600 18637959
8600 18456800
8600 18404625
8700 18800760
8700 18976386
8700 18757053
8700 18708629
8700 19128345
8700 19191928
8700 19099053
8700 18955032
8700 18926526
8700 18867691
8700 18845482
8700 18780482
8700 18954838
8700 18851327
8700 18913086
8700 18952711
8700 19146502
8700 19047650
8700 18881652
8700 19046269
8700 18863604
8700 18959015
8700 19136893
8700 19156566
8700 19020942
8700 19009974
8700 19011791
8700 18965990
8700 18851514
8700 18863318
8700 18816615
8700 19057897
8700 18867427
8700 18862922
8700 18775109
8700 19028163
8700 18841027
8700 19181047
8700 18879245
8700 18759014
8700 18763999
8700 18986969
8700 18637799
8700 19066445
8700 18844859
8700 18872847
8700 18951816
8700 19055398
8700 18716113
8700 19143635
8800 19286591
8800 19476927
8800 19416452
8800 19244731
8800 19338113
8800 19275993
8800 19154996
8800 19247758
8800 19568446
8800 19323066
8800 19395993
8800 19559652
8800 19199253
8800 19413712
8800 19384980
8800 19631874
8800 19233438
8800 19211483
8800 19257098
8800 19232962
8800 19268469
8800 19589584
8800 19351386
8800 19255840
8800 19568013
8800 19271241
8800 19481670
8800 19460697
8800 19322867
8800 19364466
8800 19248124
8800 19363916
8800 19393132
8800 19143910
8800 19201961
8800 19572415
8800 19481937
8800 19326464
8800 19478512
8800 19227099
8800 19301046
8800 19440855
8800 19367999
8800 19244678
8800 19190563
8800 19587124
8800 19309469
8800 19449927
8800 19566880
8800 19330949
8900 19724876
8900 19539085
8900 19885691
8900 19725624
8900 20024456
8900 19580050
8900 19766728
8900 19884504
8900 19685448
8900 19842170
8900 19804047
8900 19786346
8900 19672833
8900 20087103
8900 19818735
8900 19809999
8900 19735518
8900 19534834
8900 19750380
8900 20124550
8900 19859189
8900 19949296
8900 19846749
8900 19550436
8900 19669851
8900 19806025
8900 19658273
8900 19742138
8900 19964416
8900 19742690
8900 19910526
8900 19892157
8900 19607820
8900 19810259
8900 20004618
8900 19729751
8900 19909819
8900 19808192
8900 19669884
8900 19819504
8900 19630731
8900 19753020
8900 19691643
8900 20001218
8900 19694564
8900 19573939
8900 19939041
8900 19839756
8900 19421964
8900 20021114
9000 20198792
9000 20159937
9000 20008391
9000 20279316
9000 20396070
9000 20026724
9000 20427438
9000 19963560
9000 20230245
9000 20347619
9000 20261494
9000 20444852
9000 20245578
9000 20105175
9000 20430312
9000 20137257
9000 20022151
9000 20253219
9000 20307897
9000 20391641
9000 20257452
9000 20187321
9000 20338621
9000 20262305
9000 20186540
9000 20218070
9000 19943657
9000 20228031
9000 20329191
9000 19950021
9000 20176542
9000 20028470
9000 20112646
9000 20353438
9000 20067495
9000 20223520
9000 20436840
9000 20211715
9000 20264562
9000 20036814
9000 20121114
9000 20055075
9000 20380158
9000 20153801
9000 20089862
9000 19968599
9000 20158456
9000 20286182
9000 20228961
9000 20243882
9100 20730922
9100 20756877
9100 20808768
9100 20640280
9100 20680998
9100 20555954
9100 20489044
9100 21001602
9100 20551899
9100 20800666
9100 20792484
9100 20619325
9100 20657469
9100 20903988
9100 20830382
9100 20616918
9100 20622857
9100 20762338
9100 20646159
9100 20455863
9100 20703015
9100 20866258
9100 20671193
9100 20791974
9100 20725251
9100 20487774
9100 20423273
9100 20621575
9100 20843459
9100 20582448
9100 20943613
9100 20809948
9100 20727673
9100 20646432
9100 20714011
9100 20647647
9100 20696103
9100 20653191
9100 20643418
9100 20794891
9100 21034767
9100 20447243
9100 20752585
9100 20513840
9100 20801434
9100 20955169
9100 20844447
9100 20684729
9100 20561345
9100 20839168
9200 21227233
9200 21137099
9200 20757128
9200 21084265
9200 21282941
9200 21056005
9200 21101662
9200 21196346
9200 21107692
9200 21283270
9200 21150866
9200 21447900
9200 21524994
9200 21042850
9200 21132621
9200 21293553
9200 21519255
9200 21183627
9200 21222488
9200 21137849
9200 21206785
9200 21037291
9200 21140285
9200 21042828
9200 21065272
9200 21168456
9200 21266490
9200 20863585
9200 21366101
9200 21207388
9200 20955681
9200 21471165
9200 21206816
9200 21210686
9200 21074772
9200 21006836
9200 21096057
9200 21193910
9200 21263887
9200 21052504
9200 20942779
9200 20859079
9200 20853930
9200 21035979
9200 21002848
9200 21487909
9200 21416011
9200 21196821
9200 21161144
9200 21269173
9300 21395491
9300 21973451
9300 21677803
9300 21441784
9300 21843763
9300 21650497
9300 21403622
9300 21577814
9300 21847418
9300 21625858
9300 21663721
9300 21792069
9300 21630517
9300 21634100
9300 21865641
9300 21548744
9300 21435686
9300 21764825
9300 21481526
9300 21416108
9300 21599806
9300 21558005
9300 21407823
9300 21946629
9300 21699070
9300 21609332
9300 21743532
9300 21527476
9300 21257221
9300 21642677
9300 21755379
9300 21796264
9300 21831069
9300 21687595
9300 21396048
9300 21339913
9300 21435310
9300 21525149
9300 21663775
9300 21828018
9300 21705229
9300 21663648
9300 21630690
9300 21627608
9300 21629400
9300 21474734
9300 21573002
9300 21771543
9300 21606337
9300 21769161
9400 22207968
9400 22084287
9400 22130900
9400 22145524
9400 22133410
9400 22330750
9400 22241426
9400 22065161
9400 22075884
9400 22121972
9400 21898784
9400 22200528
9400 22150520
9400 22355491
9400 22158063
9400 22167003
9400 21932976
9400 22149447
9400 21884664
9400 21957306
9400 22074703
9400 22165198
9400 21890087
9400 22123466
9400 22030495
9400 22106162
9400 22005726
9400 22151011
9400 22169189
9400 21950927
9400 22007281
9400 21979471
9400 22198646
9400 21992357
9400 21870591
9400 22039628
9400 22032017
9400 21968243
9400 21873291
9400 21939614
9400 22061432
9400 21866397
9400 22218282
9400 22140940
9400 21851903
9400 22186852
9400 22107370
9400 22252902
9400 21893748
9400 22026952
9500 22789275
9500 22524547
9500 22713904
9500 22603980
9500 22701281
9500 22855300
9500 22340880
9500 22343311
9500 22418515
9500 22524676
9500 22545912
9500 22609196
9500 22379472
9500 22449323
9500 22401766
9500 22531512
9500 22838400
9500 22686753
9500 22509536
9500 22567150
9500 22418690
9500 22441160
9500 22588779
9500 22516522
9500 22660427
9500 22667007
9500 22696668
9500 22379688
9500 22765601
9500 22591958
9500 22665017
9500 22480223
9500 22378481
9500 22600295
9500 22364499
9500 22340226
9500 22484419
9500 22930126
9500 22569490
9500 22458925
9500 22308075
9500 22444289
9500 22694611
9500 22494504
9500 22598584
9500 22592956
9500 22435740
9500 22499294
9500 22457234
9500 22680976
9600 23012986
9600 22872892
9600 23092460
9600 23308617
9600 22568649
9600 22922652
9600 23160864
9600 22911610
9600 23093546
9600 23319214
9600 22877262
9600 23110246
9600 22881982
9600 23051867
9600 22775337
9600 23116437
9600 22982796
9600 22968288
9600 22810195
9600 23265087
9600 22990771
9600 23168294
9600 23101132
9600 22931921
9600 22892636
9600 23162496
9600 22942466
9600 23127861
9600 22978547
9600 23007741
9600 23060148
9600 23109864
9600 22879452
9600 23046251
9600 22982862
9600 23012351
9600 23235205
9600 22944000
9600 23168469
9600 23391467
9600 23065897
9600 22970158
9600 22636493
9600 23153849
9600 23016230
9600 23185354
9600 23157071
9600 23277834
9600 23002396
9600 22871213
9700 23438003
9700 23612045
9700 23709894
9700 23643626
9700 23429758
9700 23499330
9700 23514422
9700 23217550
9700 23675595
9700 23356705
9700 23507382
9700 23323818
9700 23359111
9700 23194423
9700 23670068
9700 23504547
9700 23406382
9700 23522188
9700 23647192
9700 23649635
9700 23581749
9700 23260720
9700 23491944
9700 23506824
9700 23642052
9700 23684677
9700 23394591
9700 23133082
9700 23403323
9700 23276294
9700 23565507
9700 23590087
9700 23545274
9700 23678389
9700 23434685
9700 23376437
9700 23422852
9700 23367262
9700 23450548
9700 23447955
9700 23229436
9700 23552787
9700 23638293
9700 23743632
9700 23539818
9700 23568951
9700 23510651
9700 23857808
9700 23431047
9700 23500566
9800 23829193
9800 24062813
9800 24108822
9800 24268096
9800 23843235
9800 23784572
9800 24090196
9800 23815794
9800 24042505
9800 23983990
9800 24107444
9800 24186352
9800 23988624
9800 24174879
9800 24134479
9800 24249443
9800 23883097
9800 24268534
9800 23929302
9800 23642745
9800 24346987
9800 23697364
9800 24100106
9800 23883912
9800 23891913
9800 23936634
9800 23985446
9800 24183845
9800 24126596
9800 23935491
9800 24090368
9800 24139151
9800 24123390
9800 24055742
9800 24209361
9800 24141088
9800 24066873
9800 23623368
9800 23819116
9800 24093223
9800 24112877
9800 23727819
9800 24008332
9800 23982227
9800 23632297
9800 23933371
9800 23963522
9800 23875696
9800 24006702
9800 24308606
9900 24449880
9900 24496341
9900 24477372
9900 24841416
9900 24630241
9900 24543429
9900 24217338
9900 24722174
9900 24398130
9900 24546099
9900 24185957
9900 24442614
9900 24633400
9900 24323549
9900 24554723
9900 24504980
9900 24296128
9900 24694178
9900 24321002
9900 24485409
9900 24683597
9900 24585412
9900 24816242
9900 24291108
9900 24515842
9900 24202399
9900 24282533
9900 24682135
9900 24760488
9900 24416774
9900 24724513
9900 24459384
9900 24482812
9900 24627394
9900 24395042
9900 24306603
9900 24716749
9900 24702156
9900 24646594
9900 24248728
9900 24447365
9900 24391872
9900 24198584
9900 24380923
9900 24349445
9900 24572623
9900 24484590
9900 24534711
9900 24494900
9900 24344512
10000 24934721
10000 25269362
10000 25298863
10000 25057880
10000 25230375
10000 25177553
10000 25270581
10000 25273904
10000 24913009
10000 25022746
10000 25039215
10000 25132006
10000 24969904
10000 24576761
10000 25058467
10000 24970527
10000 25028527
10000 24827973
10000 25237766
10000 24728433
10000 24885506
10000 25104127
10000 25077058
10000 24562705
10000 24748523
10000 24899224
10000 24977519
10000 24942172
10000 25131892
10000 25097610
10000 24781463
10000 24913098
10000 25183257
10000 24956647
10000 24945711
10000 24880174
10000 25079138
10000 24946997
10000 25055975
10000 24649692
10000 25001824
10000 25276518
10000 24897462
10000 24783166
10000 24867092
10000 24918831
10000 24937654
10000 24792329
10000 24865955
10000 24842851
